1903
1 8.132600e+04 4.698100e+04
2 9.692800e+04 4.133200e+04
3 1.028120e+05 2.308900e+04
4 9.146000e+04 3.984800e+04
5 8.684400e+04 5.101300e+04
6 7.797300e+04 4.555900e+04
7 8.571800e+04 5.460200e+04
8 1.015370e+05 5.503600e+04
9 9.987500e+04 5.393400e+04
10 1.041630e+05 3.768400e+04
11 9.348000e+04 2.021700e+04
12 1.010180e+05 3.739600e+04
13 1.059860e+05 4.141200e+04
14 9.237000e+04 5.312300e+04
15 8.652900e+04 4.117300e+04
16 9.166800e+04 3.939900e+04
17 1.016980e+05 2.632300e+04
18 1.042040e+05 1.001800e+04
19 9.764500e+04 2.012400e+04
20 1.024980e+05 6.445000e+03
21 8.823400e+04 1.373100e+04
22 9.549100e+04 2.222000e+03
23 9.957100e+04 2.623500e+04
24 1.012770e+05 3.885700e+04
25 9.832200e+04 2.659400e+04
26 8.282400e+04 3.851400e+04
27 6.837800e+04 4.141700e+04
28 8.307600e+04 2.778000e+04
29 7.020700e+04 2.663100e+04
30 8.581300e+04 1.128900e+04
31 9.459300e+04 8.486000e+03
32 9.812700e+04 3.478800e+04
33 9.454700e+04 3.556500e+04
34 1.069180e+05 1.900200e+04
35 8.980700e+04 1.857300e+04
36 8.840700e+04 2.212400e+04
37 8.189500e+04 2.980400e+04
38 7.624300e+04 3.313400e+04
39 7.419100e+04 4.264200e+04
40 5.777100e+04 4.870800e+04
41 7.044700e+04 4.450800e+04
42 8.785600e+04 6.288600e+04
43 7.412300e+04 5.863900e+04
44 5.548800e+04 4.771500e+04
45 6.362400e+04 3.872800e+04
46 6.721700e+04 4.738700e+04
47 5.914000e+04 3.048900e+04
48 6.134500e+04 2.698500e+04
49 7.924200e+04 4.047500e+04
50 9.263200e+04 5.659300e+04
51 1.052200e+05 6.633900e+04
52 8.739600e+04 7.444600e+04
53 7.395500e+04 8.786800e+04
54 8.472200e+04 1.017030e+05
55 8.408300e+04 1.046280e+05
56 9.061500e+04 9.209900e+04
57 8.834900e+04 9.054000e+04
58 1.040140e+05 7.214000e+04
59 1.218920e+05 9.067900e+04
60 1.216040e+05 1.035610e+05
61 1.085160e+05 1.099830e+05
62 9.324400e+04 1.161880e+05
63 1.100000e+05 1.224350e+05
64 9.698800e+04 1.182590e+05
65 1.011180e+05 1.023730e+05
66 9.400900e+04 1.132400e+05
67 1.033680e+05 1.015950e+05
68 9.324700e+04 8.776800e+04
69 7.919000e+04 7.277100e+04
70 9.373700e+04 8.737000e+04
71 9.586400e+04 7.317100e+04
72 1.143670e+05 6.280600e+04
73 9.938400e+04 5.014900e+04
74 8.503700e+04 4.387300e+04
75 1.033870e+05 6.077300e+04
76 1.002130e+05 5.151900e+04
77 8.203300e+04 3.257700e+04
78 6.633600e+04 2.256000e+04
79 5.376800e+04 1.753400e+04
80 4.382400e+04 9.518000e+03
81 3.033800e+04 3.069100e+04
82 3.878300e+04 4.179200e+04
83 5.775800e+04 5.778200e+04
84 4.337400e+04 4.038200e+04
85 5.775100e+04 2.228400e+04
86 6.712700e+04 2.005800e+04
87 6.332300e+04 1.870000e+04
88 5.494100e+04 2.103900e+04
89 4.720000e+04 2.951300e+04
90 4.414900e+04 4.708900e+04
91 4.134000e+04 3.213600e+04
92 4.362100e+04 4.467200e+04
93 5.967300e+04 5.713400e+04
94 5.779000e+04 7.426000e+04
95 5.074300e+04 8.671500e+04
96 3.638600e+04 8.949900e+04
97 2.451200e+04 1.075260e+05
98 1.522400e+04 9.812600e+04
99 2.137600e+04 1.000320e+05
100 1.124400e+04 1.179330e+05
101 5.977000e+03 1.100140e+05
102 3.373400e+04 1.253890e+05
103 3.013400e+04 1.244420e+05
104 4.328900e+04 1.124730e+05
105 3.674800e+04 1.149970e+05
106 4.955600e+04 1.197180e+05
107 6.043700e+04 1.257740e+05
108 4.898500e+04 1.109930e+05
109 3.624200e+04 1.189780e+05
110 4.973100e+04 1.000900e+05
111 4.988600e+04 8.724300e+04
112 4.079900e+04 7.003400e+04
113 5.405700e+04 6.827100e+04
114 4.497900e+04 6.061600e+04
115 4.974200e+04 6.546600e+04
116 6.175500e+04 6.407600e+04
117 6.475400e+04 5.452000e+04
118 5.771900e+04 5.255900e+04
119 5.029800e+04 5.690200e+04
120 6.344600e+04 5.568600e+04
121 5.792100e+04 7.367000e+04
122 4.881800e+04 6.352400e+04
123 3.446300e+04 4.758900e+04
124 4.828400e+04 4.162300e+04
125 6.468000e+04 5.946500e+04
126 7.005200e+04 7.027200e+04
127 5.549100e+04 6.503200e+04
128 5.736100e+04 7.180400e+04
129 4.559200e+04 9.020200e+04
130 4.958500e+04 1.027010e+05
131 3.146600e+04 9.063000e+04
132 3.553200e+04 8.850300e+04
133 2.552300e+04 9.106800e+04
134 1.872500e+04 8.840700e+04
135 2.685200e+04 8.309300e+04
136 3.506100e+04 6.410500e+04
137 2.323700e+04 4.960400e+04
138 3.896800e+04 5.601800e+04
139 2.314600e+04 6.971100e+04
140 3.726100e+04 6.835100e+04
141 2.295100e+04 6.792100e+04
142 1.725200e+04 5.251100e+04
143 3.086100e+04 4.613900e+04
144 2.519900e+04 5.201600e+04
145 1.514300e+04 4.665000e+04
146 3.394000e+03 3.044600e+04
147 2.765500e+04 2.146600e+04
148 3.623300e+04 9.168000e+03
149 3.250600e+04 9.973000e+03
150 1.582700e+04 5.041000e+03
151 2.096600e+04 9.779000e+03
152 1.035900e+04 2.312600e+04
153 1.283800e+04 1.997300e+04
154 7.520000e+02 3.020400e+04
155 5.053000e+03 1.133500e+04
156 2.308800e+04 3.570000e+03
157 7.123000e+03 3.122100e+04
158 2.572100e+04 3.292800e+04
159 4.239800e+04 4.995400e+04
160 2.562800e+04 3.125700e+04
161 3.119700e+04 3.352300e+04
162 3.962600e+04 4.423000e+04
163 5.455000e+04 2.968200e+04
164 5.054900e+04 1.588700e+04
165 5.254800e+04 1.030300e+04
166 3.613200e+04 3.338800e+04
167 4.224100e+04 5.081400e+04
168 4.284400e+04 5.586600e+04
169 4.469000e+04 5.854600e+04
170 5.775400e+04 6.350500e+04
171 4.898100e+04 5.498600e+04
172 6.624900e+04 7.394000e+04
173 5.649500e+04 8.877000e+04
174 7.371000e+04 8.055400e+04
175 7.098100e+04 9.338300e+04
176 8.658100e+04 1.088440e+05
177 8.598400e+04 1.108470e+05
178 1.004160e+05 9.468800e+04
179 1.125360e+05 9.966000e+04
180 1.170850e+05 9.864900e+04
181 1.154030e+05 1.079130e+05
182 9.803200e+04 1.153970e+05
183 9.006000e+04 1.251470e+05
184 9.557700e+04 1.247230e+05
185 8.173800e+04 1.125050e+05
186 9.694400e+04 1.011710e+05
187 9.839400e+04 1.093400e+05
188 8.446900e+04 1.120530e+05
189 7.927000e+04 1.069800e+05
190 6.642800e+04 9.234500e+04
191 6.995200e+04 1.005580e+05
192 6.227400e+04 1.108560e+05
193 4.330100e+04 9.395900e+04
194 4.691500e+04 1.018030e+05
195 4.585000e+04 1.148550e+05
196 3.388800e+04 1.189250e+05
197 4.554100e+04 1.074620e+05
198 6.428500e+04 1.042000e+05
199 5.515000e+04 1.147850e+05
200 4.215800e+04 1.251220e+05
201 4.334600e+04 1.172190e+05
202 4.893000e+04 1.221260e+05
203 4.734700e+04 1.229990e+05
204 3.632800e+04 1.138190e+05
205 4.986700e+04 1.237720e+05
206 6.208200e+04 1.066540e+05
207 4.364400e+04 1.216070e+05
208 5.986800e+04 1.241530e+05
209 5.716300e+04 1.082730e+05
210 5.120100e+04 1.006920e+05
211 4.639300e+04 1.134500e+05
212 3.190500e+04 1.100850e+05
213 3.708500e+04 1.248130e+05
214 2.616500e+04 1.089630e+05
215 2.603800e+04 9.014300e+04
216 3.071000e+04 1.025880e+05
217 3.034500e+04 1.156440e+05
218 3.560400e+04 1.199430e+05
219 2.417700e+04 1.060500e+05
220 2.569800e+04 1.076160e+05
221 3.791100e+04 1.234200e+05
222 4.303700e+04 1.051570e+05
223 3.466700e+04 1.116550e+05
224 4.456400e+04 1.229830e+05
225 5.095900e+04 1.127040e+05
226 5.006700e+04 9.376700e+04
227 4.519000e+04 9.352600e+04
228 3.223600e+04 7.949800e+04
229 4.490400e+04 7.309000e+04
230 5.061300e+04 8.724800e+04
231 6.093500e+04 9.457200e+04
232 6.958100e+04 8.797600e+04
233 5.679800e+04 9.205700e+04
234 5.839500e+04 8.698700e+04
235 4.201800e+04 6.926500e+04
236 4.599500e+04 6.969700e+04
237 6.372600e+04 8.429900e+04
238 5.112300e+04 6.690300e+04
239 3.746800e+04 8.121800e+04
240 3.029100e+04 8.219600e+04
241 1.210900e+04 7.444800e+04
242 2.471600e+04 5.629900e+04
243 1.745500e+04 4.441400e+04
244 2.440600e+04 5.317200e+04
245 3.796200e+04 6.460000e+04
246 3.612000e+04 6.095900e+04
247 1.900400e+04 5.600100e+04
248 5.465000e+03 5.748700e+04
249 1.401700e+04 6.436600e+04
250 3.520700e+04 8.311400e+04
251 2.957100e+04 6.463700e+04
252 2.851400e+04 7.087200e+04
253 4.448600e+04 8.889300e+04
254 6.252100e+04 9.322600e+04
255 5.849900e+04 9.206800e+04
256 7.184100e+04 1.081140e+05
257 8.393100e+04 1.259080e+05
258 9.032400e+04 1.091840e+05
259 9.267000e+04 1.079430e+05
260 8.623900e+04 1.044140e+05
261 9.105700e+04 1.143030e+05
262 8.032600e+04 1.026110e+05
263 9.304100e+04 8.932200e+04
264 9.826600e+04 7.501900e+04
265 8.571100e+04 7.574000e+04
266 8.585600e+04 7.075500e+04
267 7.601000e+04 5.881300e+04
268 7.026200e+04 7.230800e+04
269 8.914800e+04 6.910400e+04
270 8.240100e+04 7.851500e+04
271 8.782000e+04 7.369800e+04
272 1.059740e+05 7.719700e+04
273 1.240510e+05 7.436300e+04
274 1.257920e+05 5.770800e+04
275 1.174810e+05 4.754600e+04
276 1.151310e+05 5.657400e+04
277 1.134030e+05 7.480300e+04
278 1.109340e+05 6.823900e+04
279 1.119330e+05 6.151300e+04
280 9.689300e+04 6.708600e+04
281 8.057000e+04 5.903200e+04
282 9.143400e+04 5.008400e+04
283 1.002210e+05 4.016500e+04
284 1.126890e+05 2.817200e+04
285 9.525400e+04 3.638100e+04
286 1.062420e+05 2.877400e+04
287 1.213900e+05 4.251300e+04
288 1.071050e+05 3.751300e+04
289 1.011330e+05 5.426600e+04
290 1.167180e+05 3.740600e+04
291 1.041780e+05 2.327100e+04
292 1.197380e+05 3.904400e+04
293 1.056010e+05 4.455700e+04
294 1.204840e+05 4.349000e+04
295 1.182320e+05 4.426600e+04
296 1.174570e+05 3.698200e+04
297 1.096710e+05 2.579800e+04
298 9.460400e+04 2.197600e+04
299 8.137000e+04 3.122800e+04
300 8.210000e+04 3.701700e+04
301 8.331900e+04 5.126300e+04
302 9.602000e+04 6.202100e+04
303 9.220600e+04 7.989200e+04
304 8.100400e+04 9.359800e+04
305 6.946800e+04 9.425100e+04
306 8.485700e+04 8.184600e+04
307 1.005130e+05 8.445100e+04
308 1.111300e+05 9.122700e+04
309 9.261000e+04 1.038170e+05
310 8.085300e+04 9.809100e+04
311 7.799700e+04 1.126290e+05
312 8.895200e+04 1.174570e+05
313 7.234800e+04 1.016940e+05
314 9.084500e+04 9.487200e+04
315 8.623000e+04 9.556100e+04
316 7.832700e+04 9.259100e+04
317 7.890100e+04 8.622900e+04
318 9.581400e+04 7.143700e+04
319 1.061950e+05 5.722200e+04
320 1.002500e+05 5.029700e+04
321 1.028170e+05 5.956200e+04
322 1.090960e+05 6.073500e+04
323 1.101690e+05 6.435300e+04
324 1.052420e+05 6.741900e+04
325 9.010200e+04 8.491600e+04
326 8.357300e+04 7.546600e+04
327 9.229600e+04 8.563500e+04
328 9.982900e+04 9.366900e+04
329 9.390100e+04 9.303700e+04
330 1.061520e+05 1.055060e+05
331 1.118060e+05 1.014960e+05
332 1.049750e+05 8.471900e+04
333 1.156600e+05 8.868900e+04
334 1.063010e+05 1.076570e+05
335 9.404700e+04 9.244200e+04
336 9.617300e+04 8.974400e+04
337 9.066100e+04 7.672200e+04
338 9.019600e+04 9.027800e+04
339 9.903200e+04 7.886100e+04
340 8.390400e+04 6.064800e+04
341 9.503100e+04 6.713300e+04
342 8.453400e+04 4.912300e+04
343 7.263400e+04 6.084200e+04
344 8.199900e+04 4.662000e+04
345 9.664600e+04 3.919100e+04
346 1.150270e+05 5.293300e+04
347 1.062860e+05 4.211800e+04
348 1.043550e+05 4.988300e+04
349 9.586500e+04 4.743800e+04
350 9.923200e+04 4.891200e+04
351 1.078780e+05 4.246600e+04
352 9.874500e+04 4.457000e+04
353 1.121990e+05 5.382100e+04
354 9.485100e+04 5.339000e+04
355 8.514800e+04 4.855800e+04
356 8.670700e+04 4.305900e+04
357 7.778100e+04 5.022100e+04
358 6.439500e+04 3.640700e+04
359 7.915500e+04 3.314900e+04
360 9.159400e+04 1.421200e+04
361 1.025440e+05 2.779800e+04
362 9.944300e+04 4.646600e+04
363 8.332600e+04 5.954000e+04
364 8.496300e+04 7.452800e+04
365 7.108100e+04 6.077000e+04
366 5.329700e+04 6.761600e+04
367 6.440500e+04 8.458400e+04
368 7.454000e+04 6.912200e+04
369 7.242000e+04 8.746400e+04
370 7.464800e+04 9.919800e+04
371 6.364900e+04 1.028350e+05
372 5.202600e+04 8.432600e+04
373 6.093000e+04 6.874800e+04
374 4.246900e+04 7.385300e+04
375 5.335700e+04 8.412300e+04
376 6.971300e+04 9.565700e+04
377 6.698900e+04 9.925200e+04
378 7.139600e+04 9.393500e+04
379 8.816700e+04 1.055430e+05
380 9.499500e+04 1.003330e+05
381 9.198800e+04 1.031720e+05
382 1.069500e+05 1.134350e+05
383 1.014060e+05 1.107830e+05
384 1.074800e+05 1.100080e+05
385 1.211140e+05 1.019220e+05
386 1.069290e+05 9.177900e+04
387 9.596200e+04 9.795700e+04
388 8.356400e+04 8.949600e+04
389 7.331900e+04 7.875800e+04
390 6.452400e+04 9.389200e+04
391 4.986600e+04 8.697400e+04
392 5.203000e+04 7.597000e+04
393 3.345600e+04 7.846900e+04
394 3.570900e+04 6.799500e+04
395 4.484600e+04 5.210800e+04
396 5.209000e+04 4.365400e+04
397 4.992900e+04 4.328000e+04
398 6.100600e+04 4.955500e+04
399 6.095600e+04 6.463300e+04
400 4.234000e+04 5.187200e+04
401 5.709200e+04 4.350000e+04
402 5.090600e+04 5.633800e+04
403 5.309500e+04 6.965000e+04
404 4.473100e+04 6.616900e+04
405 4.556900e+04 5.277800e+04
406 2.910800e+04 6.567500e+04
407 4.234800e+04 5.736600e+04
408 3.432300e+04 4.108700e+04
409 1.561900e+04 4.380300e+04
410 3.607100e+04 4.695100e+04
411 4.681200e+04 4.580400e+04
412 6.340000e+04 5.751700e+04
413 5.578100e+04 5.237400e+04
414 4.550200e+04 5.791400e+04
415 4.113700e+04 4.524600e+04
416 4.584500e+04 3.516500e+04
417 3.212100e+04 1.927600e+04
418 1.864000e+04 1.440900e+04
419 3.113400e+04 1.452300e+04
420 2.672200e+04 1.249800e+04
421 1.209700e+04 4.191000e+03
422 4.885000e+03 1.731000e+03
423 3.723600e+04 1.315800e+04
424 4.394400e+04 2.192700e+04
425 5.473900e+04 3.949000e+04
426 3.717900e+04 4.271400e+04
427 2.321300e+04 5.126200e+04
428 2.357900e+04 6.537700e+04
429 4.104400e+04 7.253000e+04
430 5.927500e+04 5.622600e+04
431 6.237400e+04 4.434400e+04
432 6.824100e+04 3.734700e+04
433 6.954300e+04 2.949000e+04
434 8.018500e+04 4.738500e+04
435 8.665800e+04 5.702700e+04
436 9.534100e+04 6.815800e+04
437 7.710300e+04 8.437000e+04
438 7.319700e+04 8.190300e+04
439 5.970800e+04 7.785200e+04
440 5.116100e+04 7.298400e+04
441 6.005600e+04 9.026000e+04
442 5.248900e+04 9.435600e+04
443 6.828900e+04 8.070900e+04
444 8.251900e+04 9.674700e+04
445 7.901300e+04 1.002120e+05
446 9.438500e+04 9.331300e+04
447 1.128120e+05 8.722400e+04
448 1.199540e+05 9.627600e+04
449 1.129930e+05 1.108860e+05
450 1.212510e+05 9.743400e+04
451 1.086780e+05 1.123930e+05
452 1.226650e+05 9.987300e+04
453 1.228650e+05 8.497200e+04
454 1.051280e+05 1.033450e+05
455 9.596200e+04 9.916700e+04
456 8.511800e+04 9.131400e+04
457 1.027760e+05 8.283900e+04
458 1.080070e+05 6.630000e+04
459 1.173400e+05 6.741300e+04
460 1.054360e+05 6.191200e+04
461 9.110400e+04 6.636300e+04
462 1.083310e+05 6.640600e+04
463 1.039170e+05 5.972800e+04
464 1.216610e+05 5.520500e+04
465 1.139340e+05 6.056300e+04
466 1.126740e+05 7.412400e+04
467 1.257420e+05 8.629500e+04
468 1.211300e+05 8.465000e+04
469 1.070040e+05 7.334200e+04
470 1.095750e+05 7.151700e+04
471 9.404800e+04 7.440800e+04
472 9.474800e+04 7.547800e+04
473 8.081400e+04 9.133200e+04
474 9.448900e+04 1.058820e+05
475 9.700200e+04 1.000320e+05
476 1.032240e+05 1.152890e+05
477 8.625200e+04 1.227660e+05
478 9.475500e+04 1.170770e+05
479 9.314300e+04 1.203750e+05
480 1.015770e+05 1.100370e+05
481 9.550600e+04 1.066850e+05
482 9.843100e+04 1.239990e+05
483 9.134600e+04 1.069080e+05
484 8.662000e+04 1.239620e+05
485 9.877900e+04 1.162460e+05
486 1.141340e+05 1.024710e+05
487 1.219780e+05 9.224500e+04
488 1.174220e+05 1.095660e+05
489 1.217980e+05 1.055530e+05
490 1.085180e+05 9.160300e+04
491 9.357600e+04 9.062900e+04
492 9.574100e+04 7.353400e+04
493 9.697000e+04 6.840100e+04
494 9.407200e+04 7.758800e+04
495 8.255000e+04 7.988700e+04
496 7.560200e+04 7.849300e+04
497 6.943800e+04 7.111600e+04
498 5.884600e+04 8.668300e+04
499 6.571100e+04 9.534100e+04
500 8.135000e+04 1.130640e+05
501 8.060400e+04 9.648200e+04
502 8.009100e+04 1.014940e+05
503 7.807800e+04 8.868900e+04
504 7.794800e+04 9.203200e+04
505 7.770900e+04 1.029010e+05
506 5.883500e+04 8.777700e+04
507 6.616700e+04 8.553600e+04
508 7.043000e+04 9.175000e+04
509 6.989900e+04 8.578200e+04
510 8.028500e+04 7.640500e+04
511 6.858900e+04 8.532800e+04
512 5.288400e+04 7.469300e+04
513 3.512200e+04 8.109000e+04
514 2.921600e+04 6.831100e+04
515 2.530700e+04 7.433900e+04
516 6.646000e+03 8.054200e+04
517 3.289000e+03 7.503000e+04
518 1.786100e+04 9.282600e+04
519 2.895400e+04 9.104600e+04
520 3.956500e+04 8.060500e+04
521 4.955800e+04 7.751500e+04
522 6.178100e+04 7.776800e+04
523 6.219800e+04 7.930700e+04
524 5.705100e+04 9.398700e+04
525 6.873200e+04 8.571300e+04
526 5.096700e+04 7.782700e+04
527 4.577400e+04 7.322900e+04
528 3.186500e+04 8.649000e+04
529 3.450300e+04 9.061000e+04
530 2.867000e+04 8.629400e+04
531 2.403800e+04 7.292400e+04
532 1.048200e+04 9.082100e+04
533 4.980000e+03 9.008900e+04
534 2.991500e+04 1.032560e+05
535 3.388800e+04 1.090570e+05
536 1.794700e+04 1.153650e+05
537 8.445000e+03 9.784200e+04
538 2.732000e+04 8.582800e+04
539 1.512000e+04 9.549600e+04
540 3.644000e+03 8.028700e+04
541 9.045000e+03 7.949200e+04
542 3.040500e+04 8.418900e+04
543 4.432600e+04 9.386600e+04
544 4.330200e+04 9.536200e+04
545 6.106400e+04 8.178500e+04
546 7.028900e+04 7.131500e+04
547 8.213800e+04 6.928900e+04
548 7.296400e+04 5.648800e+04
549 7.507800e+04 5.053500e+04
550 7.355300e+04 4.822500e+04
551 8.312200e+04 5.496000e+04
552 7.136300e+04 5.400400e+04
553 7.522500e+04 4.792100e+04
554 7.492600e+04 5.986000e+04
555 6.458800e+04 7.051300e+04
556 6.906200e+04 7.134400e+04
557 7.638400e+04 6.497600e+04
558 8.844700e+04 6.848100e+04
559 7.418700e+04 5.505400e+04
560 6.232200e+04 5.914800e+04
561 5.668800e+04 5.376400e+04
562 7.554000e+04 5.566800e+04
563 6.642900e+04 4.238800e+04
564 5.808100e+04 4.785500e+04
565 7.104200e+04 6.203100e+04
566 7.268400e+04 6.163400e+04
567 7.158300e+04 4.951200e+04
568 8.476200e+04 6.849700e+04
569 8.037000e+04 5.417900e+04
570 7.150100e+04 4.704300e+04
571 7.489400e+04 5.332000e+04
572 7.823600e+04 5.940000e+04
573 6.152300e+04 7.541500e+04
574 7.581600e+04 6.403800e+04
575 7.591000e+04 4.657500e+04
576 9.150800e+04 4.979900e+04
577 1.043930e+05 3.287700e+04
578 8.914700e+04 4.817700e+04
579 1.064220e+05 4.004000e+04
580 1.237390e+05 4.208200e+04
581 1.172480e+05 2.847100e+04
582 1.134700e+05 3.724700e+04
583 9.597400e+04 4.835800e+04
584 1.042130e+05 5.471400e+04
585 8.624500e+04 4.211900e+04
586 7.529700e+04 2.607400e+04
587 9.002000e+04 4.195800e+04
588 9.924300e+04 2.355300e+04
589 1.029040e+05 4.146600e+04
590 1.057320e+05 5.764800e+04
591 1.196380e+05 5.719000e+04
592 1.222520e+05 3.884500e+04
593 1.135680e+05 2.231600e+04
594 1.260580e+05 3.307000e+04
595 1.211610e+05 4.490400e+04
596 1.142220e+05 2.674700e+04
597 1.222130e+05 4.235600e+04
598 1.095670e+05 4.814100e+04
599 1.120090e+05 3.854100e+04
600 9.963600e+04 5.081500e+04
601 9.417600e+04 5.794700e+04
602 1.002660e+05 5.824500e+04
603 1.076340e+05 7.514100e+04
604 1.083450e+05 9.094600e+04
605 8.970300e+04 9.563900e+04
606 9.626500e+04 8.078300e+04
607 9.293100e+04 9.830100e+04
608 7.653900e+04 8.796400e+04
609 8.582700e+04 1.000730e+05
610 8.156500e+04 8.156300e+04
611 9.898500e+04 7.663900e+04
612 8.048400e+04 5.875800e+04
613 6.486000e+04 6.729000e+04
614 5.463000e+04 5.748700e+04
615 4.150000e+04 4.809500e+04
616 5.635500e+04 6.431000e+04
617 6.198700e+04 5.814600e+04
618 5.495800e+04 5.463800e+04
619 6.010400e+04 4.137100e+04
620 4.877400e+04 4.288800e+04
621 5.229300e+04 4.277700e+04
622 5.874500e+04 4.321400e+04
623 4.938000e+04 4.707500e+04
624 6.014400e+04 5.975300e+04
625 4.969900e+04 7.834800e+04
626 4.178700e+04 9.275000e+04
627 4.060000e+04 9.373700e+04
628 4.460800e+04 1.067420e+05
629 6.252200e+04 1.058470e+05
630 4.930700e+04 1.126690e+05
631 4.359500e+04 1.026760e+05
632 5.951100e+04 1.194670e+05
633 6.012200e+04 1.055990e+05
634 7.301000e+04 1.237890e+05
635 6.932200e+04 1.092640e+05
636 5.871400e+04 1.084370e+05
637 7.645100e+04 1.256380e+05
638 5.922400e+04 1.182030e+05
639 6.066900e+04 1.141760e+05
640 4.847000e+04 1.171990e+05
641 4.319200e+04 9.939800e+04
642 2.567600e+04 1.169560e+05
643 1.540700e+04 1.117720e+05
644 8.400000e+02 1.035230e+05
645 2.462800e+04 1.118450e+05
646 1.544900e+04 1.249210e+05
647 2.856300e+04 1.249790e+05
648 3.871100e+04 1.259900e+05
649 4.345100e+04 1.167840e+05
650 6.093600e+04 1.173570e+05
651 7.894100e+04 9.924500e+04
652 6.971000e+04 8.297200e+04
653 6.908600e+04 7.547800e+04
654 8.449800e+04 6.882400e+04
655 7.699400e+04 8.679500e+04
656 9.241800e+04 7.654300e+04
657 7.346200e+04 9.485000e+04
658 5.687200e+04 1.042590e+05
659 6.435300e+04 9.936200e+04
660 7.838000e+04 9.290200e+04
661 8.726200e+04 8.539800e+04
662 9.264300e+04 8.771000e+04
663 9.303500e+04 7.035300e+04
664 1.066110e+05 8.745100e+04
665 1.072840e+05 7.800000e+04
666 1.224260e+05 6.492600e+04
667 1.085080e+05 5.194400e+04
668 1.060750e+05 4.142000e+04
669 1.107060e+05 5.742100e+04
670 1.019640e+05 6.840200e+04
671 1.070310e+05 6.921800e+04
672 8.824400e+04 5.636800e+04
673 8.647300e+04 6.295600e+04
674 7.517300e+04 6.407200e+04
675 6.673800e+04 4.681500e+04
676 6.009300e+04 6.374400e+04
677 6.403200e+04 5.085900e+04
678 7.781800e+04 5.483800e+04
679 9.181200e+04 4.440100e+04
680 8.206700e+04 4.507700e+04
681 9.926800e+04 3.177300e+04
682 1.168620e+05 1.873100e+04
683 1.133590e+05 2.327700e+04
684 9.915300e+04 3.525700e+04
685 1.072450e+05 1.975800e+04
686 1.083310e+05 1.666000e+04
687 1.081880e+05 8.400000e+02
688 1.131150e+05 3.366900e+04
689 1.266340e+05 4.323900e+04
690 1.127290e+05 6.211100e+04
691 1.046460e+05 7.913600e+04
692 1.204470e+05 9.470700e+04
693 1.183630e+05 9.248300e+04
694 1.016410e+05 9.590400e+04
695 8.390700e+04 8.836900e+04
696 6.607400e+04 1.009660e+05
697 8.412100e+04 9.457000e+04
698 6.801600e+04 1.123030e+05
699 7.888400e+04 1.254460e+05
700 8.723800e+04 1.109230e+05
701 7.470500e+04 1.111460e+05
702 8.512500e+04 1.082740e+05
703 8.640500e+04 9.401300e+04
704 1.018270e+05 8.300000e+04
705 8.622600e+04 7.330100e+04
706 8.124600e+04 6.481700e+04
707 6.474000e+04 5.533200e+04
708 7.564600e+04 4.879000e+04
709 7.144400e+04 3.406900e+04
710 8.075500e+04 4.674600e+04
711 6.530800e+04 2.784600e+04
712 6.118000e+04 3.841000e+04
713 6.489500e+04 3.120900e+04
714 5.518200e+04 2.038200e+04
715 5.451000e+04 1.300200e+04
716 3.629500e+04 2.573200e+04
717 3.218400e+04 3.496100e+04
718 1.673200e+04 3.604900e+04
719 2.904000e+04 5.198100e+04
720 2.465600e+04 5.817700e+04
721 1.427200e+04 6.797400e+04
722 2.358200e+04 5.459700e+04
723 2.260800e+04 6.398100e+04
724 2.095600e+04 8.269900e+04
725 2.666000e+04 8.169900e+04
726 1.097000e+04 8.153200e+04
727 3.062500e+04 9.630000e+04
728 4.093400e+04 1.146640e+05
729 2.438300e+04 1.189560e+05
730 2.339400e+04 1.034090e+05
731 3.159800e+04 9.795200e+04
732 4.914000e+04 1.160740e+05
733 6.753700e+04 1.105080e+05
734 6.053900e+04 1.236620e+05
735 7.446200e+04 1.170580e+05
736 8.287600e+04 1.166820e+05
737 7.342000e+04 1.107950e+05
738 7.437400e+04 9.946900e+04
739 6.777600e+04 9.126900e+04
740 5.051300e+04 1.011260e+05
741 4.783000e+04 1.001400e+05
742 5.047700e+04 9.764700e+04
743 6.412300e+04 9.450300e+04
744 7.910500e+04 1.034070e+05
745 9.509500e+04 1.071860e+05
746 9.204500e+04 1.003320e+05
747 8.883600e+04 1.030690e+05
748 8.118900e+04 8.771400e+04
749 6.842400e+04 8.480800e+04
750 7.889900e+04 8.368700e+04
751 7.944200e+04 9.892900e+04
752 8.364400e+04 9.777200e+04
753 9.058100e+04 9.121400e+04
754 7.930700e+04 8.059000e+04
755 8.437000e+04 6.690900e+04
756 8.887600e+04 6.922300e+04
757 7.928900e+04 8.737400e+04
758 7.269900e+04 7.883400e+04
759 7.745500e+04 7.657600e+04
760 6.630800e+04 6.574600e+04
761 6.816500e+04 7.450400e+04
762 6.299100e+04 6.841800e+04
763 6.734100e+04 5.022300e+04
764 5.902100e+04 3.980100e+04
765 6.598500e+04 5.348700e+04
766 7.296400e+04 5.263200e+04
767 5.405500e+04 6.123700e+04
768 6.914000e+04 4.420700e+04
769 8.381500e+04 5.097800e+04
770 7.612500e+04 6.565000e+04
771 6.399700e+04 6.313400e+04
772 8.172500e+04 7.449000e+04
773 7.100600e+04 7.115000e+04
774 8.242700e+04 7.853700e+04
775 8.631300e+04 7.384100e+04
776 8.803000e+04 5.707800e+04
777 7.084300e+04 4.045400e+04
778 7.195500e+04 5.795800e+04
779 6.377600e+04 7.108900e+04
780 6.309600e+04 5.748600e+04
781 7.813200e+04 5.080200e+04
782 6.049800e+04 4.279800e+04
783 6.125300e+04 4.312200e+04
784 4.315100e+04 3.581900e+04
785 5.291400e+04 5.144700e+04
786 4.708400e+04 4.974600e+04
787 4.385500e+04 4.990700e+04
788 3.278500e+04 3.213400e+04
789 1.589100e+04 2.522900e+04
790 2.215000e+04 3.669000e+04
791 4.087400e+04 4.414000e+04
792 5.365500e+04 5.300400e+04
793 5.280300e+04 4.357800e+04
794 5.402500e+04 3.509800e+04
795 4.566100e+04 1.733400e+04
796 4.206300e+04 1.449700e+04
797 4.551300e+04 3.031400e+04
798 5.843300e+04 1.147000e+04
799 4.118500e+04 2.355000e+03
800 2.595000e+04 2.450200e+04
801 1.817100e+04 2.963400e+04
802 3.108900e+04 2.850000e+04
803 3.589500e+04 4.556000e+04
804 5.283900e+04 4.479600e+04
805 5.556900e+04 5.471500e+04
806 4.066600e+04 4.199100e+04
807 2.547900e+04 5.176300e+04
808 2.921600e+04 5.540700e+04
809 1.505400e+04 6.085100e+04
810 3.722600e+04 7.010800e+04
811 4.206100e+04 5.254300e+04
812 6.005300e+04 6.606200e+04
813 4.292200e+04 6.534100e+04
814 3.838600e+04 6.251600e+04
815 5.701200e+04 8.146600e+04
816 6.198400e+04 6.647100e+04
817 6.780200e+04 5.533600e+04
818 6.668900e+04 6.698300e+04
819 5.884600e+04 8.351600e+04
820 4.662900e+04 9.917800e+04
821 5.454400e+04 1.006290e+05
822 6.867600e+04 1.010240e+05
823 6.884200e+04 1.033360e+05
824 5.305600e+04 1.201580e+05
825 3.960300e+04 1.251740e+05
826 5.745200e+04 1.178220e+05
827 7.482900e+04 1.048030e+05
828 8.245900e+04 1.118320e+05
829 6.493800e+04 1.262410e+05
830 4.676000e+04 1.103190e+05
831 5.623200e+04 1.221780e+05
832 5.673800e+04 1.206930e+05
833 4.275000e+04 1.077510e+05
834 3.259600e+04 1.011490e+05
835 4.249900e+04 1.001420e+05
836 3.426800e+04 9.793600e+04
837 5.005000e+04 9.405900e+04
838 5.965900e+04 7.876600e+04
839 5.569700e+04 6.500000e+04
840 7.374700e+04 5.210400e+04
841 7.232800e+04 6.772400e+04
842 7.194000e+04 6.480400e+04
843 5.393000e+04 6.694300e+04
844 3.965800e+04 7.797500e+04
845 2.690100e+04 7.986300e+04
846 1.301300e+04 9.256600e+04
847 2.540300e+04 1.020030e+05
848 2.204700e+04 1.020020e+05
849 3.505900e+04 1.170860e+05
850 2.552900e+04 1.232030e+05
851 3.757300e+04 1.117440e+05
852 2.797800e+04 1.208830e+05
853 2.480900e+04 1.231910e+05
854 3.725000e+04 1.264000e+05
855 3.965000e+04 1.101040e+05
856 5.005000e+04 1.009570e+05
857 4.719600e+04 1.178100e+05
858 4.625900e+04 1.087600e+05
859 5.099100e+04 9.701400e+04
860 6.667300e+04 9.494900e+04
861 6.135800e+04 8.588000e+04
862 6.971600e+04 8.626300e+04
863 6.977800e+04 1.025230e+05
864 8.273200e+04 1.121770e+05
865 1.005630e+05 1.038390e+05
866 1.061100e+05 8.819900e+04
867 9.303100e+04 8.875100e+04
868 8.981200e+04 1.074110e+05
869 7.740500e+04 1.117570e+05
870 8.994300e+04 1.107230e+05
871 8.436900e+04 1.229550e+05
872 7.335200e+04 1.178760e+05
873 8.822100e+04 1.018480e+05
874 8.515000e+04 1.188850e+05
875 1.012840e+05 1.246730e+05
876 1.038660e+05 1.175990e+05
877 1.033970e+05 1.189460e+05
878 9.768300e+04 1.035040e+05
879 1.002240e+05 9.616900e+04
880 1.184850e+05 8.232500e+04
881 1.225170e+05 8.195400e+04
882 1.260010e+05 8.961300e+04
883 1.187410e+05 9.309300e+04
884 1.036660e+05 7.445800e+04
885 1.019980e+05 9.100000e+04
886 8.612200e+04 9.107900e+04
887 9.754200e+04 1.097340e+05
888 7.966300e+04 1.030150e+05
889 7.019700e+04 1.184980e+05
890 5.444300e+04 1.238280e+05
891 5.242900e+04 1.208360e+05
892 5.982100e+04 1.189510e+05
893 6.159400e+04 1.072100e+05
894 6.183400e+04 1.039890e+05
895 5.853200e+04 1.181450e+05
896 4.846100e+04 1.257140e+05
897 5.299100e+04 1.219900e+05
898 6.136300e+04 1.218150e+05
899 7.864800e+04 1.036640e+05
900 7.846200e+04 8.931900e+04
901 6.600800e+04 9.200600e+04
902 5.996200e+04 8.303800e+04
903 4.893700e+04 9.488800e+04
904 5.546200e+04 8.793200e+04
905 4.185000e+04 9.672000e+04
906 4.369400e+04 1.144840e+05
907 4.202500e+04 1.138930e+05
908 3.645200e+04 1.046450e+05
909 3.991900e+04 9.545500e+04
910 4.886200e+04 1.051250e+05
911 5.893000e+04 1.213880e+05
912 5.958900e+04 1.089490e+05
913 7.680300e+04 1.076530e+05
914 8.275600e+04 9.432600e+04
915 9.327600e+04 8.643400e+04
916 1.034720e+05 9.943200e+04
917 1.116270e+05 9.171600e+04
918 1.068650e+05 9.747300e+04
919 1.221700e+05 8.765100e+04
920 1.132700e+05 1.058160e+05
921 9.658300e+04 1.150010e+05
922 8.856400e+04 1.039710e+05
923 9.890800e+04 9.293600e+04
924 8.232100e+04 1.068990e+05
925 8.899200e+04 1.123340e+05
926 7.056400e+04 1.071090e+05
927 6.385300e+04 9.280200e+04
928 5.305800e+04 9.431000e+04
929 4.980000e+04 9.207500e+04
930 6.393500e+04 1.060360e+05
931 4.798900e+04 1.227430e+05
932 3.727600e+04 1.090060e+05
933 4.201500e+04 1.269560e+05
934 4.235200e+04 1.091350e+05
935 4.400700e+04 1.173560e+05
936 5.813500e+04 1.199660e+05
937 4.059000e+04 1.029900e+05
938 4.080100e+04 9.522400e+04
939 4.547700e+04 1.032460e+05
940 6.384400e+04 1.063550e+05
941 5.692300e+04 1.125660e+05
942 5.295000e+04 1.230180e+05
943 6.177100e+04 1.156150e+05
944 5.330000e+04 9.702900e+04
945 6.055200e+04 9.925900e+04
946 6.991300e+04 9.656900e+04
947 5.892000e+04 9.538300e+04
948 7.040800e+04 1.134530e+05
949 8.683700e+04 1.138520e+05
950 8.692400e+04 1.134370e+05
951 1.036800e+05 1.236330e+05
952 9.666900e+04 1.111520e+05
953 1.126790e+05 9.297200e+04
954 1.111140e+05 8.544800e+04
955 9.877800e+04 1.042200e+05
956 1.025740e+05 1.133070e+05
957 1.125810e+05 1.253350e+05
958 9.370500e+04 1.218320e+05
959 9.537300e+04 1.192990e+05
960 1.065350e+05 1.051980e+05
961 1.112520e+05 9.091000e+04
962 9.629700e+04 8.865700e+04
963 9.604700e+04 8.336600e+04
964 9.130100e+04 9.803900e+04
965 8.263400e+04 8.194200e+04
966 9.132500e+04 8.868600e+04
967 9.563400e+04 8.639000e+04
968 1.134240e+05 8.429000e+04
969 1.040030e+05 1.029030e+05
970 9.335800e+04 1.136300e+05
971 1.019370e+05 1.077150e+05
972 8.774100e+04 1.085960e+05
973 1.000400e+05 9.017000e+04
974 1.016830e+05 8.605500e+04
975 1.041930e+05 9.232000e+04
976 1.072980e+05 8.822800e+04
977 1.010370e+05 6.940000e+04
978 8.350500e+04 8.740400e+04
979 8.333300e+04 7.856200e+04
980 8.843700e+04 7.812200e+04
981 1.058670e+05 6.721300e+04
982 1.022840e+05 6.115600e+04
983 9.448300e+04 4.835000e+04
984 9.622100e+04 5.623200e+04
985 1.031240e+05 4.757800e+04
986 1.181420e+05 6.107300e+04
987 1.209700e+05 4.926300e+04
988 1.047790e+05 3.896800e+04
989 1.195840e+05 4.754700e+04
990 1.177800e+05 4.218300e+04
991 1.042920e+05 3.520100e+04
992 9.084800e+04 4.368200e+04
993 9.544000e+04 2.531700e+04
994 8.060300e+04 2.773600e+04
995 9.936600e+04 1.801200e+04
996 1.008500e+05 5.291000e+03
997 1.000100e+05 3.516300e+04
998 9.706400e+04 1.753200e+04
999 9.097000e+04 3.526200e+04
1000 9.193300e+04 3.821900e+04
1001 8.046400e+04 4.867200e+04
1002 6.470100e+04 6.472800e+04
1003 5.763400e+04 6.633000e+04
1004 6.550400e+04 7.214300e+04
1005 7.714500e+04 7.767000e+04
1006 6.485300e+04 6.563500e+04
1007 6.117400e+04 7.180600e+04
1008 7.334400e+04 5.598600e+04
1009 7.201900e+04 5.311800e+04
1010 8.482700e+04 7.025900e+04
1011 8.735600e+04 5.688700e+04
1012 9.167100e+04 4.680100e+04
1013 8.720500e+04 4.869500e+04
1014 7.463900e+04 3.941200e+04
1015 7.544200e+04 2.272300e+04
1016 6.083800e+04 1.278900e+04
1017 7.421700e+04 2.447800e+04
1018 7.455400e+04 2.303400e+04
1019 6.326400e+04 3.931000e+04
1020 7.561500e+04 4.934600e+04
1021 5.742000e+04 4.286500e+04
1022 7.627900e+04 5.974400e+04
1023 9.110500e+04 5.311200e+04
1024 8.445200e+04 5.296200e+04
1025 8.118100e+04 3.456900e+04
1026 6.777300e+04 2.062000e+04
1027 5.123900e+04 3.909300e+04
1028 5.679900e+04 3.885800e+04
1029 4.958300e+04 4.638000e+04
1030 4.577000e+04 4.720600e+04
1031 4.345600e+04 4.888600e+04
1032 4.831500e+04 5.037600e+04
1033 3.121100e+04 4.764400e+04
1034 1.308700e+04 5.730500e+04
1035 9.667000e+03 4.465000e+04
1036 2.076600e+04 3.763500e+04
1037 4.600000e+03 3.313400e+04
1038 9.479000e+03 1.514700e+04
1039 3.368100e+04 1.288800e+04
1040 3.164800e+04 2.812200e+04
1041 4.203600e+04 1.584000e+04
1042 3.931500e+04 3.066700e+04
1043 2.131800e+04 4.423300e+04
1044 3.855600e+04 5.872300e+04
1045 3.373400e+04 4.478800e+04
1046 4.560200e+04 5.161700e+04
1047 4.115900e+04 6.132700e+04
1048 5.793100e+04 4.242500e+04
1049 7.663300e+04 5.719900e+04
1050 8.574100e+04 5.089500e+04
1051 6.703300e+04 3.593300e+04
1052 7.933300e+04 3.729600e+04
1053 6.698700e+04 3.971000e+04
1054 8.440800e+04 4.031400e+04
1055 8.411200e+04 5.514300e+04
1056 7.249200e+04 6.279200e+04
1057 6.158000e+04 4.695400e+04
1058 6.592300e+04 2.883900e+04
1059 4.848300e+04 1.037800e+04
1060 6.024700e+04 2.873600e+04
1061 5.314900e+04 3.876700e+04
1062 7.204900e+04 4.205100e+04
1063 7.142500e+04 5.203700e+04
1064 8.389500e+04 6.039500e+04
1065 6.680500e+04 4.941200e+04
1066 6.336400e+04 4.585700e+04
1067 6.135300e+04 5.043700e+04
1068 5.143600e+04 4.031400e+04
1069 3.375600e+04 3.180000e+04
1070 4.213800e+04 1.600300e+04
1071 5.122800e+04 1.519600e+04
1072 6.511100e+04 1.504700e+04
1073 6.610100e+04 3.346900e+04
1074 7.566100e+04 4.131500e+04
1075 7.534700e+04 5.111900e+04
1076 6.094100e+04 3.843800e+04
1077 5.914200e+04 4.279100e+04
1078 7.315800e+04 5.627400e+04
1079 6.582300e+04 7.112500e+04
1080 7.581800e+04 7.531100e+04
1081 9.378800e+04 6.954000e+04
1082 1.107170e+05 5.860500e+04
1083 1.094440e+05 6.770600e+04
1084 1.205600e+05 6.732000e+04
1085 1.235440e+05 8.566600e+04
1086 1.071260e+05 7.056300e+04
1087 1.176300e+05 7.270700e+04
1088 1.001370e+05 6.981900e+04
1089 1.027300e+05 7.864200e+04
1090 9.731300e+04 7.841300e+04
1091 8.713500e+04 7.710500e+04
1092 8.739500e+04 7.367800e+04
1093 7.504500e+04 8.942100e+04
1094 8.356100e+04 9.847200e+04
1095 1.017410e+05 1.023720e+05
1096 1.203420e+05 1.107260e+05
1097 1.055690e+05 1.091510e+05
1098 1.230500e+05 1.103740e+05
1099 1.179140e+05 9.552900e+04
1100 1.028460e+05 9.460200e+04
1101 9.475900e+04 1.025440e+05
1102 1.055180e+05 9.170000e+04
1103 1.051380e+05 8.755400e+04
1104 1.217690e+05 7.287700e+04
1105 1.239050e+05 5.733100e+04
1106 1.223620e+05 4.133800e+04
1107 1.225490e+05 3.168400e+04
1108 1.126670e+05 2.046200e+04
1109 1.067080e+05 3.229500e+04
1110 9.245400e+04 4.951900e+04
1111 8.687100e+04 3.961100e+04
1112 6.960300e+04 2.141500e+04
1113 5.627000e+04 2.188400e+04
1114 4.356900e+04 1.993700e+04
1115 5.960100e+04 1.315000e+04
1116 5.112100e+04 4.296000e+03
1117 4.553300e+04 3.524400e+04
1118 6.169700e+04 2.821800e+04
1119 4.436400e+04 3.613300e+04
1120 3.612200e+04 4.884200e+04
1121 5.509200e+04 3.692300e+04
1122 5.207200e+04 2.678400e+04
1123 3.526500e+04 2.236000e+04
1124 1.957300e+04 2.428300e+04
1125 9.364000e+03 2.319000e+04
1126 1.782300e+04 3.266400e+04
1127 2.985900e+04 1.750500e+04
1128 2.400200e+04 1.002000e+03
1129 9.301000e+03 2.717000e+03
1130 2.638700e+04 1.352200e+04
1131 1.584600e+04 1.344400e+04
1132 3.786400e+04 2.947000e+04
1133 4.878900e+04 4.213700e+04
1134 3.324500e+04 5.816000e+04
1135 4.642900e+04 4.493000e+04
1136 6.250400e+04 4.952100e+04
1137 4.767100e+04 4.587600e+04
1138 3.717900e+04 5.542000e+04
1139 4.305000e+04 6.931100e+04
1140 5.415100e+04 7.149400e+04
1141 6.414500e+04 8.218300e+04
1142 8.015900e+04 9.264000e+04
1143 7.300400e+04 9.497500e+04
1144 5.730400e+04 1.008130e+05
1145 5.403100e+04 1.007870e+05
1146 4.304300e+04 9.778900e+04
1147 5.286400e+04 9.900500e+04
1148 4.928400e+04 1.087760e+05
1149 3.330600e+04 1.050220e+05
1150 4.574500e+04 9.367200e+04
1151 6.203000e+04 1.113590e+05
1152 5.751000e+04 1.229740e+05
1153 6.166000e+04 1.084650e+05
1154 6.810000e+04 1.001130e+05
1155 7.380800e+04 1.076880e+05
1156 8.460000e+04 1.233220e+05
1157 8.601900e+04 1.194410e+05
1158 9.346800e+04 1.023690e+05
1159 9.744400e+04 8.922200e+04
1160 9.279100e+04 1.075580e+05
1161 1.007410e+05 1.231310e+05
1162 1.129370e+05 1.107260e+05
1163 1.172600e+05 1.234100e+05
1164 1.026250e+05 1.172080e+05
1165 9.325000e+04 1.044420e+05
1166 1.067280e+05 8.544400e+04
1167 1.210120e+05 8.691100e+04
1168 1.126740e+05 7.678000e+04
1169 1.182340e+05 8.966900e+04
1170 1.119150e+05 7.886100e+04
1171 1.058360e+05 9.504700e+04
1172 9.694700e+04 1.043810e+05
1173 7.934500e+04 1.025200e+05
1174 6.052900e+04 1.065010e+05
1175 5.135000e+04 1.201540e+05
1176 4.033500e+04 1.195280e+05
1177 2.407200e+04 1.160350e+05
1178 2.801800e+04 9.744400e+04
1179 1.690600e+04 1.070720e+05
1180 3.687400e+04 9.604800e+04
1181 4.483100e+04 9.950200e+04
1182 3.944600e+04 1.131150e+05
1183 3.177400e+04 1.235270e+05
1184 1.797100e+04 1.247540e+05
1185 2.075900e+04 1.091210e+05
1186 8.191000e+03 1.037770e+05
1187 3.034600e+04 1.016610e+05
1188 4.792900e+04 8.444500e+04
1189 4.261600e+04 7.516400e+04
1190 4.634700e+04 6.466100e+04
1191 2.926300e+04 8.115900e+04
1192 2.660100e+04 7.322700e+04
1193 2.864900e+04 7.667000e+04
1194 1.449800e+04 8.535800e+04
1195 1.172700e+04 7.671100e+04
1196 1.316500e+04 7.454300e+04
1197 3.638000e+03 6.462600e+04
1198 1.648000e+04 5.324400e+04
1199 2.989800e+04 5.559600e+04
1200 4.474800e+04 4.263300e+04
1201 3.352300e+04 3.163400e+04
1202 1.872700e+04 3.701900e+04
1203 3.334500e+04 2.540700e+04
1204 3.464900e+04 1.869100e+04
1205 1.920600e+04 2.405500e+04
1206 3.122700e+04 4.222800e+04
1207 4.676300e+04 2.594800e+04
1208 4.465000e+04 2.614600e+04
1209 2.671700e+04 1.814700e+04
1210 4.082800e+04 6.847000e+03
1211 5.742900e+04 1.467000e+04
1212 7.397300e+04 1.892200e+04
1213 6.347800e+04 1.417100e+04
1214 4.843600e+04 3.452100e+04
1215 5.658400e+04 1.551100e+04
1216 6.022500e+04 3.110000e+04
1217 7.623900e+04 3.964300e+04
1218 7.566000e+04 2.702800e+04
1219 6.615200e+04 1.552800e+04
1220 6.911600e+04 2.608000e+03
1221 5.253800e+04 1.620000e+02
1222 6.256300e+04 3.574800e+04
1223 4.743200e+04 2.291200e+04
1224 5.267600e+04 1.408100e+04
1225 5.252900e+04 3.740600e+04
1226 7.105100e+04 4.036200e+04
1227 6.927200e+04 4.028500e+04
1228 8.805500e+04 5.867400e+04
1229 7.045300e+04 4.851200e+04
1230 6.561000e+04 6.035900e+04
1231 8.037500e+04 7.467600e+04
1232 9.132400e+04 7.997100e+04
1233 7.928600e+04 8.918300e+04
1234 9.653100e+04 8.459200e+04
1235 1.013930e+05 9.890000e+04
1236 9.390700e+04 1.126810e+05
1237 1.051780e+05 1.041390e+05
1238 8.660600e+04 9.683100e+04
1239 8.271800e+04 9.096900e+04
1240 1.010610e+05 9.931000e+04
1241 1.061480e+05 1.033680e+05
1242 9.814100e+04 9.932800e+04
1243 1.127940e+05 1.022970e+05
1244 1.151020e+05 1.034630e+05
1245 1.167310e+05 9.044500e+04
1246 1.175070e+05 8.898700e+04
1247 1.059360e+05 7.975300e+04
1248 1.000590e+05 7.099500e+04
1249 9.671100e+04 7.739600e+04
1250 1.047770e+05 8.309100e+04
1251 1.170570e+05 7.482700e+04
1252 1.214480e+05 7.760200e+04
1253 1.130790e+05 7.598200e+04
1254 1.204530e+05 6.074200e+04
1255 1.154380e+05 7.096300e+04
1256 1.016210e+05 6.886000e+04
1257 1.075350e+05 7.674100e+04
1258 1.058040e+05 5.970000e+04
1259 1.081680e+05 5.835700e+04
1260 8.971200e+04 4.603300e+04
1261 7.783300e+04 6.503200e+04
1262 9.563500e+04 7.674900e+04
1263 8.193100e+04 6.692000e+04
1264 9.683700e+04 4.953700e+04
1265 8.437300e+04 5.304700e+04
1266 8.866500e+04 6.307000e+04
1267 8.920600e+04 5.996000e+04
1268 9.581000e+04 7.416500e+04
1269 8.066900e+04 7.168800e+04
1270 6.923300e+04 6.980700e+04
1271 8.624600e+04 7.509400e+04
1272 1.043950e+05 7.913500e+04
1273 1.074070e+05 8.852000e+04
1274 1.127100e+05 9.376300e+04
1275 1.202980e+05 1.055900e+05
1276 1.199780e+05 1.026630e+05
1277 1.035570e+05 1.193220e+05
1278 9.140000e+04 1.165780e+05
1279 8.429800e+04 1.185290e+05
1280 9.995700e+04 1.245810e+05
1281 1.070010e+05 1.239620e+05
1282 1.053850e+05 1.233540e+05
1283 8.777900e+04 1.137160e+05
1284 1.014980e+05 9.642500e+04
1285 1.101080e+05 1.098930e+05
1286 9.767200e+04 1.118430e+05
1287 9.406100e+04 1.161050e+05
1288 7.671700e+04 1.228700e+05
1289 7.889600e+04 1.079100e+05
1290 7.907300e+04 9.219800e+04
1291 9.441500e+04 1.025750e+05
1292 1.111610e+05 9.229100e+04
1293 1.124270e+05 8.344900e+04
1294 1.260410e+05 6.927900e+04
1295 1.269640e+05 8.276300e+04
1296 1.238650e+05 6.516600e+04
1297 1.069630e+05 6.300400e+04
1298 9.914500e+04 6.254600e+04
1299 8.403700e+04 4.522200e+04
1300 8.881100e+04 4.712000e+04
1301 7.205900e+04 4.531200e+04
1302 6.653000e+04 4.120100e+04
1303 6.597800e+04 5.927800e+04
1304 4.811900e+04 7.628100e+04
1305 5.312100e+04 9.323700e+04
1306 3.730700e+04 1.039540e+05
1307 2.282100e+04 1.183590e+05
1308 3.564600e+04 1.040960e+05
1309 3.246200e+04 9.557700e+04
1310 1.999400e+04 1.108780e+05
1311 1.576000e+03 1.256340e+05
1312 2.410700e+04 1.130460e+05
1313 2.330900e+04 1.204530e+05
1314 2.685900e+04 1.227160e+05
1315 3.963400e+04 1.145020e+05
1316 5.607100e+04 1.127820e+05
1317 3.952200e+04 1.159870e+05
1318 4.496900e+04 1.121410e+05
1319 5.290700e+04 1.243480e+05
1320 6.505700e+04 1.073670e+05
1321 6.426900e+04 9.258200e+04
1322 6.778200e+04 1.019010e+05
1323 5.243700e+04 9.137600e+04
1324 5.536200e+04 1.034470e+05
1325 3.641600e+04 1.092450e+05
1326 3.160600e+04 1.116610e+05
1327 3.260300e+04 1.149210e+05
1328 3.476400e+04 1.049630e+05
1329 4.467800e+04 8.594100e+04
1330 3.477600e+04 9.811200e+04
1331 3.941000e+04 9.045000e+04
1332 5.713100e+04 1.053460e+05
1333 6.191300e+04 1.239450e+05
1334 4.622500e+04 1.173710e+05
1335 4.182400e+04 1.145890e+05
1336 2.832200e+04 1.251320e+05
1337 2.666400e+04 1.158530e+05
1338 2.425900e+04 9.754300e+04
1339 4.039100e+04 1.083840e+05
1340 3.401300e+04 9.026800e+04
1341 4.685200e+04 9.584200e+04
1342 4.507300e+04 1.000890e+05
1343 5.704400e+04 9.007200e+04
1344 5.319000e+04 8.341400e+04
1345 6.463200e+04 9.140100e+04
1346 7.812100e+04 1.049340e+05
1347 7.779500e+04 9.776300e+04
1348 8.839000e+04 1.072330e+05
1349 8.294100e+04 1.137870e+05
1350 9.957000e+04 9.489100e+04
1351 9.330400e+04 1.079040e+05
1352 7.552800e+04 1.000930e+05
1353 8.018900e+04 8.520500e+04
1354 6.874400e+04 8.550900e+04
1355 6.271900e+04 7.820800e+04
1356 4.564700e+04 6.534900e+04
1357 5.339700e+04 7.121000e+04
1358 6.568800e+04 6.861800e+04
1359 8.344900e+04 7.962400e+04
1360 9.847400e+04 8.821100e+04
1361 1.117030e+05 7.148700e+04
1362 1.079840e+05 5.603500e+04
1363 1.139430e+05 6.428800e+04
1364 9.826100e+04 8.014300e+04
1365 1.126560e+05 7.092900e+04
1366 1.056410e+05 6.369100e+04
1367 1.131990e+05 4.515600e+04
1368 1.055790e+05 5.795600e+04
1369 1.149620e+05 6.946800e+04
1370 1.212890e+05 7.695700e+04
1371 1.243040e+05 7.862700e+04
1372 1.228180e+05 9.730400e+04
1373 1.042250e+05 1.029230e+05
1374 9.813900e+04 1.125380e+05
1375 8.552400e+04 1.145930e+05
1376 7.812700e+04 1.266800e+05
1377 8.213600e+04 1.209600e+05
1378 8.436400e+04 1.028470e+05
1379 1.012680e+05 1.136460e+05
1380 8.671000e+04 1.140260e+05
1381 6.832700e+04 1.107080e+05
1382 8.653700e+04 1.022450e+05
1383 6.874000e+04 9.536300e+04
1384 8.033700e+04 1.014410e+05
1385 8.004000e+04 1.139520e+05
1386 7.768200e+04 9.921300e+04
1387 8.507200e+04 1.083370e+05
1388 1.027220e+05 1.005210e+05
1389 8.628700e+04 9.068300e+04
1390 1.044270e+05 8.533500e+04
1391 1.074870e+05 8.065200e+04
1392 1.161850e+05 7.513000e+04
1393 1.230080e+05 7.086000e+04
1394 1.189860e+05 5.914000e+04
1395 1.050970e+05 6.616800e+04
1396 9.973600e+04 5.179300e+04
1397 1.004430e+05 6.385200e+04
1398 9.537700e+04 7.451200e+04
1399 8.595500e+04 8.778600e+04
1400 1.020250e+05 1.001520e+05
1401 9.025600e+04 9.653200e+04
1402 1.074740e+05 8.256300e+04
1403 8.890400e+04 1.016060e+05
1404 8.480800e+04 1.074110e+05
1405 8.221800e+04 1.204820e+05
1406 7.459800e+04 1.066050e+05
1407 6.706400e+04 1.150220e+05
1408 4.969300e+04 9.870400e+04
1409 3.384000e+04 9.263500e+04
1410 2.871300e+04 8.358900e+04
1411 9.914000e+03 8.182100e+04
1412 9.410000e+02 7.822300e+04
1413 1.515900e+04 7.510300e+04
1414 6.059000e+03 8.693400e+04
1415 4.284000e+03 7.712900e+04
1416 2.858700e+04 7.875100e+04
1417 2.900300e+04 9.188500e+04
1418 1.330900e+04 1.066970e+05
1419 1.695400e+04 1.247040e+05
1420 2.478200e+04 1.128650e+05
1421 3.166300e+04 1.052460e+05
1422 1.702200e+04 1.002710e+05
1423 2.606000e+04 1.104530e+05
1424 1.662400e+04 1.243520e+05
1425 1.802000e+04 1.061480e+05
1426 2.045200e+04 1.171650e+05
1427 3.199900e+04 1.067790e+05
1428 4.305900e+04 1.025210e+05
1429 5.698600e+04 1.152150e+05
1430 4.866100e+04 1.110700e+05
1431 6.618200e+04 9.776900e+04
1432 5.063500e+04 8.939200e+04
1433 5.556700e+04 1.070720e+05
1434 5.880900e+04 9.627200e+04
1435 5.314500e+04 1.034890e+05
1436 4.781700e+04 9.306400e+04
1437 6.349600e+04 7.513900e+04
1438 5.617200e+04 8.731800e+04
1439 5.970800e+04 9.437600e+04
1440 7.306400e+04 1.121560e+05
1441 7.102600e+04 1.244880e+05
1442 6.672500e+04 1.058430e+05
1443 7.423400e+04 1.114820e+05
1444 8.468800e+04 1.004880e+05
1445 9.528100e+04 1.037060e+05
1446 1.074930e+05 1.206430e+05
1447 1.132940e+05 1.233210e+05
1448 1.199210e+05 1.079960e+05
1449 1.088180e+05 1.177210e+05
1450 1.142430e+05 1.158600e+05
1451 1.109210e+05 9.843800e+04
1452 1.092940e+05 9.618800e+04
1453 1.188200e+05 8.240000e+04
1454 1.004080e+05 9.811000e+04
1455 9.985800e+04 1.053660e+05
1456 1.050850e+05 1.057870e+05
1457 8.661500e+04 9.296300e+04
1458 8.366500e+04 1.100080e+05
1459 8.936800e+04 1.000250e+05
1460 9.173400e+04 1.156130e+05
1461 8.949800e+04 1.088470e+05
1462 7.986500e+04 1.232530e+05
1463 6.354400e+04 1.196330e+05
1464 6.522300e+04 1.190830e+05
1465 5.568800e+04 1.050640e+05
1466 5.720600e+04 1.173990e+05
1467 6.766800e+04 1.223630e+05
1468 8.159400e+04 1.095040e+05
1469 6.713300e+04 1.237300e+05
1470 5.311400e+04 1.152340e+05
1471 6.267300e+04 1.243430e+05
1472 5.976500e+04 1.088040e+05
1473 6.118700e+04 9.844400e+04
1474 7.219800e+04 1.090140e+05
1475 8.946200e+04 9.097500e+04
1476 1.011880e+05 9.352900e+04
1477 8.874800e+04 8.749800e+04
1478 9.646000e+04 7.634600e+04
1479 8.422700e+04 6.978100e+04
1480 9.973400e+04 6.824400e+04
1481 1.014270e+05 5.721900e+04
1482 1.046920e+05 6.233200e+04
1483 1.057200e+05 4.982100e+04
1484 9.223000e+04 6.736500e+04
1485 9.093100e+04 8.312600e+04
1486 1.089320e+05 9.156500e+04
1487 1.011230e+05 1.066110e+05
1488 1.000690e+05 1.103230e+05
1489 1.154340e+05 1.189880e+05
1490 1.039000e+05 1.184130e+05
1491 8.718200e+04 1.056560e+05
1492 9.828400e+04 1.175990e+05
1493 1.052740e+05 1.082300e+05
1494 1.170430e+05 1.075650e+05
1495 1.186350e+05 1.247950e+05
1496 1.171790e+05 1.253750e+05
1497 1.021490e+05 1.110300e+05
1498 1.203640e+05 1.164780e+05
1499 1.019380e+05 1.152560e+05
1500 9.805200e+04 1.223250e+05
1501 8.781900e+04 1.248410e+05
1502 7.926100e+04 1.206510e+05
1503 9.654000e+04 1.113710e+05
1504 1.080950e+05 9.904500e+04
1505 1.123300e+05 1.145030e+05
1506 1.046660e+05 1.127220e+05
1507 1.154630e+05 1.165520e+05
1508 1.002070e+05 1.171060e+05
1509 8.352600e+04 1.179920e+05
1510 9.406300e+04 1.013970e+05
1511 8.165900e+04 9.449600e+04
1512 9.309100e+04 9.808400e+04
1513 8.315900e+04 9.990300e+04
1514 6.483600e+04 9.423000e+04
1515 5.665400e+04 1.119320e+05
1516 5.679700e+04 1.031970e+05
1517 6.240100e+04 8.742300e+04
1518 4.404600e+04 7.637500e+04
1519 2.840300e+04 6.769400e+04
1520 3.845900e+04 5.050300e+04
1521 3.036400e+04 3.995600e+04
1522 3.879100e+04 2.179400e+04
1523 5.236900e+04 1.274700e+04
1524 4.767000e+04 1.072300e+04
1525 3.208100e+04 2.158800e+04
1526 4.011200e+04 5.228000e+03
1527 5.453700e+04 2.733400e+04
1528 6.343500e+04 3.631600e+04
1529 5.405200e+04 4.870200e+04
1530 5.265300e+04 5.209800e+04
1531 6.257000e+04 6.644500e+04
1532 5.785200e+04 7.017200e+04
1533 6.113700e+04 6.843000e+04
1534 5.519500e+04 8.103500e+04
1535 5.340200e+04 9.709900e+04
1536 5.441400e+04 1.021480e+05
1537 6.975600e+04 1.025740e+05
1538 6.460200e+04 9.285100e+04
1539 4.695100e+04 9.279200e+04
1540 6.526700e+04 1.103800e+05
1541 8.330700e+04 1.170650e+05
1542 7.147300e+04 1.008620e+05
1543 6.874600e+04 1.078860e+05
1544 8.512500e+04 8.992400e+04
1545 9.323800e+04 8.921500e+04
1546 7.658000e+04 7.047300e+04
1547 7.593400e+04 8.611500e+04
1548 8.054100e+04 7.755900e+04
1549 8.033500e+04 7.040000e+04
1550 6.865700e+04 6.250900e+04
1551 6.795100e+04 5.360900e+04
1552 7.351800e+04 5.192200e+04
1553 7.003700e+04 6.655400e+04
1554 7.481600e+04 7.851600e+04
1555 8.141200e+04 7.954500e+04
1556 8.684400e+04 8.296400e+04
1557 7.711400e+04 6.669200e+04
1558 7.169500e+04 7.407100e+04
1559 7.991300e+04 6.219900e+04
1560 8.265900e+04 5.769600e+04
1561 7.847600e+04 7.153200e+04
1562 9.487000e+04 7.188900e+04
1563 9.748500e+04 8.781100e+04
1564 1.123940e+05 8.946500e+04
1565 1.015040e+05 7.866900e+04
1566 8.531400e+04 9.235000e+04
1567 1.011440e+05 7.725700e+04
1568 1.074930e+05 7.579100e+04
1569 1.148520e+05 6.349600e+04
1570 9.679400e+04 7.299300e+04
1571 1.030100e+05 5.926100e+04
1572 1.053310e+05 4.287500e+04
1573 1.211180e+05 4.814900e+04
1574 1.058560e+05 4.928400e+04
1575 9.456400e+04 5.965600e+04
1576 1.053170e+05 7.288600e+04
1577 1.224860e+05 8.289800e+04
1578 1.079570e+05 8.021200e+04
1579 9.373800e+04 6.583900e+04
1580 8.421700e+04 5.267600e+04
1581 9.393700e+04 6.477300e+04
1582 7.959100e+04 6.014500e+04
1583 6.058400e+04 5.225600e+04
1584 7.188900e+04 5.015600e+04
1585 5.801500e+04 5.581100e+04
1586 6.530900e+04 5.317200e+04
1587 5.031000e+04 4.865400e+04
1588 5.506700e+04 5.144500e+04
1589 5.906700e+04 5.906700e+04
1590 6.906100e+04 7.621600e+04
1591 7.549800e+04 8.403800e+04
1592 8.369300e+04 9.656100e+04
1593 9.630700e+04 1.091260e+05
1594 9.956500e+04 1.131950e+05
1595 1.136510e+05 1.191720e+05
1596 1.246010e+05 1.123100e+05
1597 1.233470e+05 1.121460e+05
1598 1.155710e+05 9.936800e+04
1599 1.145880e+05 1.104160e+05
1600 1.210700e+05 1.110340e+05
1601 1.066420e+05 9.973100e+04
1602 1.019140e+05 1.163550e+05
1603 1.188770e+05 1.200750e+05
1604 1.217600e+05 1.101880e+05
1605 1.054940e+05 9.912500e+04
1606 8.911900e+04 8.575800e+04
1607 8.746000e+04 1.040100e+05
1608 7.694900e+04 1.030950e+05
1609 7.942700e+04 8.667500e+04
1610 8.346900e+04 1.011770e+05
1611 8.717700e+04 8.463700e+04
1612 7.932600e+04 8.241500e+04
1613 9.148900e+04 7.810800e+04
1614 7.908800e+04 6.646900e+04
1615 6.599400e+04 5.919500e+04
1616 8.125200e+04 5.459400e+04
1617 6.595900e+04 6.738000e+04
1618 7.955300e+04 5.061100e+04
1619 9.098700e+04 5.536500e+04
1620 9.226200e+04 4.511500e+04
1621 1.044200e+05 5.761800e+04
1622 9.779600e+04 4.322500e+04
1623 1.080660e+05 6.003900e+04
1624 1.262490e+05 4.540800e+04
1625 1.179760e+05 3.673100e+04
1626 1.082260e+05 2.426400e+04
1627 9.928300e+04 1.555200e+04
1628 8.718100e+04 4.880000e+03
1629 8.997600e+04 3.535800e+04
1630 7.219700e+04 3.390000e+04
1631 6.739700e+04 2.555300e+04
1632 7.808200e+04 2.962800e+04
1633 8.298100e+04 2.492600e+04
1634 9.683500e+04 1.948300e+04
1635 8.895500e+04 3.478200e+04
1636 7.111400e+04 2.461300e+04
1637 5.775900e+04 2.462400e+04
1638 4.262900e+04 3.158000e+04
1639 2.800100e+04 2.228500e+04
1640 3.767900e+04 1.425900e+04
1641 4.236300e+04 2.526500e+04
1642 3.550800e+04 2.312300e+04
1643 2.176800e+04 6.834000e+03
1644 3.700800e+04 3.565400e+04
1645 4.754700e+04 2.533800e+04
1646 6.375400e+04 1.623000e+04
1647 5.411200e+04 1.562900e+04
1648 6.705300e+04 1.954700e+04
1649 6.936100e+04 2.447000e+04
1650 5.830300e+04 2.002400e+04
1651 5.146900e+04 1.215000e+03
1652 5.955800e+04 1.242800e+04
1653 6.759800e+04 1.773700e+04
1654 5.183800e+04 1.392900e+04
1655 6.398000e+04 5.421000e+03
1656 6.217900e+04 2.580000e+03
1657 5.531400e+04 1.198500e+04
1658 6.244300e+04 5.879000e+03
1659 7.147600e+04 2.723200e+04
1660 5.406700e+04 4.340800e+04
1661 5.933400e+04 3.370500e+04
1662 7.445000e+04 5.113600e+04
1663 7.822400e+04 5.756000e+04
1664 7.341300e+04 6.727200e+04
1665 5.757900e+04 7.007900e+04
1666 3.945400e+04 5.204000e+04
1667 2.897700e+04 4.618200e+04
1668 4.178100e+04 2.840700e+04
1669 5.931900e+04 3.870800e+04
1670 6.746600e+04 5.064800e+04
1671 8.082400e+04 4.880800e+04
1672 9.962900e+04 4.303600e+04
1673 9.821600e+04 6.008300e+04
1674 9.432400e+04 5.327400e+04
1675 1.018850e+05 4.967900e+04
1676 8.822400e+04 4.700800e+04
1677 9.402000e+04 5.290700e+04
1678 9.316300e+04 5.256200e+04
1679 9.153300e+04 5.070700e+04
1680 7.827100e+04 3.795200e+04
1681 8.860400e+04 1.950700e+04
1682 9.377900e+04 8.190000e+02
1683 9.218100e+04 1.798900e+04
1684 1.092850e+05 3.314400e+04
1685 9.739600e+04 3.575700e+04
1686 7.889500e+04 4.375700e+04
1687 9.262200e+04 3.850600e+04
1688 7.557400e+04 5.144400e+04
1689 6.711700e+04 4.370700e+04
1690 5.850700e+04 4.175500e+04
1691 4.263600e+04 3.108800e+04
1692 3.671400e+04 4.464100e+04
1693 5.401600e+04 3.755100e+04
1694 5.444600e+04 2.851600e+04
1695 5.024200e+04 2.690200e+04
1696 5.685700e+04 2.583500e+04
1697 5.257100e+04 1.944700e+04
1698 6.233200e+04 1.505900e+04
1699 6.674700e+04 2.524700e+04
1700 8.300900e+04 4.188600e+04
1701 7.931200e+04 2.361100e+04
1702 9.435400e+04 1.846000e+04
1703 9.039600e+04 1.214800e+04
1704 8.543000e+04 3.162400e+04
1705 7.450800e+04 2.095400e+04
1706 7.929300e+04 3.594400e+04
1707 8.873800e+04 2.760300e+04
1708 7.854200e+04 9.976000e+03
1709 8.069400e+04 2.487700e+04
1710 6.840700e+04 2.792300e+04
1711 5.877700e+04 4.631800e+04
1712 6.018400e+04 6.070800e+04
1713 6.713400e+04 5.209400e+04
1714 5.348700e+04 5.756000e+04
1715 6.735300e+04 7.115200e+04
1716 4.997200e+04 7.048300e+04
1717 5.742200e+04 6.021100e+04
1718 6.426500e+04 5.879100e+04
1719 4.706500e+04 4.047700e+04
1720 3.107300e+04 2.892400e+04
1721 1.388300e+04 2.678800e+04
1722 1.429000e+03 4.510400e+04
1723 1.489800e+04 5.132300e+04
1724 2.421000e+03 6.294300e+04
1725 2.157300e+04 6.938200e+04
1726 1.353000e+04 7.748800e+04
1727 3.447700e+04 7.399700e+04
1728 4.598700e+04 5.830300e+04
1729 5.499700e+04 4.445700e+04
1730 4.829100e+04 3.366800e+04
1731 4.796500e+04 2.473700e+04
1732 5.336800e+04 1.723500e+04
1733 5.984300e+04 2.644000e+04
1734 7.782400e+04 3.625500e+04
1735 9.372900e+04 2.954900e+04
1736 1.021040e+05 3.384600e+04
1737 8.323100e+04 3.452400e+04
1738 8.398200e+04 2.766600e+04
1739 8.388800e+04 1.077100e+04
1740 8.368000e+04 1.449000e+04
1741 9.085200e+04 3.321000e+04
1742 8.421900e+04 3.373100e+04
1743 1.011480e+05 2.168100e+04
1744 9.071400e+04 8.563000e+03
1745 8.358700e+04 2.785000e+03
1746 6.715900e+04 3.020400e+04
1747 6.858600e+04 4.153900e+04
1748 6.532800e+04 3.457900e+04
1749 6.073600e+04 4.657100e+04
1750 6.001200e+04 3.931000e+04
1751 7.141200e+04 5.826600e+04
1752 6.695600e+04 5.154400e+04
1753 5.818800e+04 4.270300e+04
1754 7.155400e+04 4.247600e+04
1755 5.972400e+04 5.416900e+04
1756 7.313700e+04 6.848200e+04
1757 5.894600e+04 6.517600e+04
1758 7.497500e+04 7.765800e+04
1759 5.721900e+04 6.650400e+04
1760 4.592500e+04 7.367100e+04
1761 5.558600e+04 7.319100e+04
1762 4.322400e+04 8.730100e+04
1763 2.840800e+04 7.359900e+04
1764 1.813500e+04 9.230600e+04
1765 1.924600e+04 8.014000e+04
1766 3.270100e+04 6.234000e+04
1767 5.152500e+04 4.939600e+04
1768 6.800700e+04 3.343300e+04
1769 5.613800e+04 1.876200e+04
1770 4.696000e+04 1.212700e+04
1771 5.225900e+04 2.741000e+03
1772 3.384800e+04 9.426000e+03
1773 4.215100e+04 1.365800e+04
1774 4.927700e+04 2.243200e+04
1775 3.595000e+04 6.971000e+03
1776 3.291200e+04 3.608200e+04
1777 3.543100e+04 5.289500e+04
1778 2.115200e+04 6.714200e+04
1779 2.160800e+04 5.047600e+04
1780 6.595000e+03 4.367800e+04
1781 1.478200e+04 6.122400e+04
1782 6.001000e+03 7.940800e+04
1783 3.038000e+04 8.684800e+04
1784 3.334000e+04 8.236700e+04
1785 2.758800e+04 8.360600e+04
1786 2.000600e+04 1.008530e+05
1787 1.183800e+04 1.015730e+05
1788 1.639800e+04 1.070630e+05
1789 2.499900e+04 9.396300e+04
1790 4.392600e+04 8.489800e+04
1791 4.986100e+04 9.061300e+04
1792 4.554700e+04 1.023290e+05
1793 4.041100e+04 1.063300e+05
1794 4.811500e+04 9.424500e+04
1795 5.299700e+04 9.545400e+04
1796 5.864200e+04 1.081280e+05
1797 6.304200e+04 9.356600e+04
1798 6.396400e+04 9.542400e+04
1799 5.660900e+04 8.418600e+04
1800 4.335600e+04 7.282700e+04
1801 3.645500e+04 8.644800e+04
1802 3.440600e+04 7.671000e+04
1803 3.634800e+04 8.088200e+04
1804 3.067300e+04 7.371100e+04
1805 3.194700e+04 9.046700e+04
1806 2.236200e+04 9.382200e+04
1807 3.821500e+04 8.253100e+04
1808 2.308200e+04 9.120800e+04
1809 3.959800e+04 7.348500e+04
1810 5.561400e+04 6.155700e+04
1811 4.301400e+04 6.177400e+04
1812 2.656300e+04 7.898800e+04
1813 3.702700e+04 7.909800e+04
1814 2.126300e+04 9.257900e+04
1815 2.432800e+04 8.828900e+04
1816 2.838400e+04 9.346100e+04
1817 2.705800e+04 9.543800e+04
1818 2.485800e+04 1.013300e+05
1819 4.269100e+04 1.046900e+05
1820 5.027000e+04 1.050180e+05
1821 5.528100e+04 1.117930e+05
1822 5.230000e+04 1.182800e+05
1823 5.063500e+04 1.136780e+05
1824 3.541000e+04 1.142600e+05
1825 1.850200e+04 1.011660e+05
1826 3.626500e+04 1.123600e+05
1827 3.381600e+04 1.020330e+05
1828 1.945800e+04 1.097010e+05
1829 2.091700e+04 1.149650e+05
1830 3.951600e+04 1.073570e+05
1831 4.427600e+04 1.263980e+05
1832 5.446300e+04 1.156240e+05
1833 6.824500e+04 1.232600e+05
1834 6.668300e+04 1.264770e+05
1835 8.230900e+04 1.081050e+05
1836 9.178400e+04 1.264550e+05
1837 8.123200e+04 1.156670e+05
1838 7.167900e+04 1.131690e+05
1839 8.806500e+04 9.686700e+04
1840 7.660600e+04 8.055400e+04
1841 9.477400e+04 8.804600e+04
1842 9.220100e+04 8.667800e+04
1843 9.730900e+04 8.004400e+04
1844 9.184000e+04 9.089400e+04
1845 9.891600e+04 9.832300e+04
1846 8.758000e+04 9.618000e+04
1847 8.807600e+04 1.025330e+05
1848 7.217600e+04 1.183790e+05
1849 6.659800e+04 1.227180e+05
1850 5.874700e+04 1.047290e+05
1851 6.265600e+04 8.653000e+04
1852 7.832000e+04 8.480400e+04
1853 8.370600e+04 6.914000e+04
1854 7.416300e+04 6.705300e+04
1855 8.696000e+04 5.299600e+04
1856 8.531500e+04 4.665000e+04
1857 6.871000e+04 5.984600e+04
1858 5.322600e+04 7.618900e+04
1859 5.963600e+04 6.791000e+04
1860 5.302500e+04 7.082600e+04
1861 3.612600e+04 5.860500e+04
1862 3.548100e+04 4.300000e+04
1863 3.067300e+04 5.182600e+04
1864 3.411700e+04 7.015600e+04
1865 3.761600e+04 8.223500e+04
1866 2.955100e+04 7.362400e+04
1867 2.682800e+04 6.745600e+04
1868 1.675200e+04 6.485300e+04
1869 3.651600e+04 4.961300e+04
1870 3.756900e+04 4.680800e+04
1871 2.393500e+04 4.615200e+04
1872 3.455700e+04 6.389700e+04
1873 4.866100e+04 5.779000e+04
1874 3.153200e+04 7.417200e+04
1875 3.822800e+04 7.500700e+04
1876 3.564100e+04 8.682400e+04
1877 3.647300e+04 7.687300e+04
1878 3.487300e+04 7.589300e+04
1879 2.813800e+04 7.333300e+04
1880 2.703600e+04 9.087200e+04
1881 1.543600e+04 7.573300e+04
1882 3.775000e+03 9.026000e+04
1883 3.543000e+03 9.984400e+04
1884 3.118700e+04 1.113470e+05
1885 3.215700e+04 1.088640e+05
1886 1.499100e+04 1.236210e+05
1887 3.227900e+04 1.142430e+05
1888 5.069000e+04 1.234650e+05
1889 5.262900e+04 1.092200e+05
1890 4.190300e+04 1.153420e+05
1891 3.475500e+04 1.232740e+05
1892 4.957800e+04 1.264830e+05
1893 4.697400e+04 1.088360e+05
1894 3.988300e+04 1.228890e+05
1895 2.564100e+04 1.134570e+05
1896 2.413200e+04 1.095540e+05
1897 2.812500e+04 1.018990e+05
1898 4.671700e+04 9.411500e+04
1899 5.987900e+04 1.073160e+05
1900 4.600300e+04 9.074700e+04
1901 4.167800e+04 8.607600e+04
1902 5.081200e+04 7.718000e+04
1903 6.888600e+04 8.472600e+04
755 1600 1612 664 1642 7 30 768 1521 731 471 904 1713 312 817 1474 464 782 579 744 1483 1025 871 267 771 639 415 1901 1374 1443 71 1014 1102 222 1871 1876 107 1159 800 597 806 289 643 738 1225 37 58 1711 216 1242 623 217 951 1797 649 287 132 695 137 1334 1671 12 21 1064 1697 949 1352 124 1646 1229 421 338 209 717 436 1292 1734 1275 1057 963 1890 700 1559 111 1086 377 809 1289 9 1739 42 1449 752 1310 1450 25 1049 854 424 940 1007 189 1638 995 1186 463 599 766 1548 1541 1828 1107 1097 305 590 112 733 850 396 601 791 1347 1619 959 1505 748 913 553 1406 343 1155 868 402 1013 1192 1211 1127 846 433 188 1732 63 291 1324 1771 867 645 773 372 1783 43 1499 945 659 982 109 1119 1502 911 1177 283 532 1141 1580 1405 759 1414 488 1717 162 609 403 1235 248 75 478 1795 261 634 1045 1161 1647 1601 1295 1319 1246 1029 297 1710 483 443 1603 1807 1308 1441 438 1620 1065 151 225 1776 1852 896 1549 1824 494 1551 1170 1699 74 1379 651 493 323 31 4 812 1151 543 1537 658 1372 363 1091 955 737 457 427 1400 1407 1886 331 441 489 644 444 1216 507 1188 1658 557 561 751 890 592 1495 905 479 741 1823 1862 842 1345 458 1785 1006 872 306 805 671 1847 376 1259 341 410 1368 865 64 1578 997 317 602 511 383 96 1837 1294 1175 17 1329 687 1604 204 1819 1373 1168 984 273 1135 736 627 256 568 831 1765 1105 1774 652 765 1143 1269 193 425 1506 1241 491 571 145 1684 684 789 1111 510 360 1098 1480 1340 625 1424 1338 413 650 794 1463 211 816 123 1323 1694 1808 484 706 1767 1458 552 1872 843 1827 1139 1687 1729 884 1152 414 108 242 502 365 1300 1147 1331 1187 1017 582 235 1725 1307 1682 503 946 1685 86 1614 1842 1425 1081 508 932 1472 1043 996 1166 418 1046 1084 1489 1218 720 924 1517 174 1498 428 1404 387 928 1016 595 1079 1668 302 117 1074 1688 335 1645 901 585 1707 1432 950 1814 513 1492 845 802 1429 1072 991 60 1253 1158 615 246 820 849 210 1510 1821 505 1309 50 450 1566 1349 1056 1633 680 882 150 105 760 1775 1075 979 1129 785 1304 1010 1222 1430 1583 249 1394 1515 451 1247 1712 554 941 1337 541 1545 916 1402 1855 954 1721 688 1293 1316 1384 1591 1150 692 364 1727 1062 881 89 877 1743 1196 509 101 797 694 329 972 350 99 1768 1456 952 529 144 10 170 1387 307 52 1348 539 1221 1666 445 1696 833 355 1018 990 1174 796 853 198 551 1670 452 1859 293 779 1185 1320 703 1184 122 366 698 840 227 81 968 1661 1397 1351 925 59 138 1059 148 187 827 729 709 610 1332 386 976 1313 1398 294 859 1651 53 1085 1068 666 201 1679 1613 1335 1206 416 836 1608 573 646 1023 497 1673 392 1836 1385 847 1522 371 631 864 1403 253 82 160 1792 822 1444 1376 1117 1252 514 1840 981 1599 1165 486 1416 1625 313 1210 1527 611 1142 1178 1759 869 94 351 485 1134 1145 1149 772 1460 1039 199 1512 185 1118 1096 224 1878 1426 1051 1525 1523 247 426 562 90 740 1090 892 1605 1547 628 1539 763 767 156 1140 756 1053 749 534 1592 693 617 1106 334 1364 1396 1154 594 1232 956 166 542 1194 1359 1817 1558 780 648 191 1058 1690 920 992 826 1189 578 1567 1272 1312 1879 404 747 1813 1853 1193 181 218 1518 1703 1005 1485 1667 1764 1544 1470 531 1314 326 1263 1533 1740 476 957 813 803 1446 1353 1121 1669 1818 704 1378 186 282 1144 1080 1205 1245 54 906 1136 1500 1284 362 518 1609 587 1361 1048 1476 1440 917 284 1375 1507 1261 168 183 983 989 1782 1234 1894 1881 1061 947 1895 1344 194 1643 1343 895 440 405 408 1282 1208 1000 274 533 14 1040 1083 721 1575 240 212 432 987 378 110 1749 13 838 1659 16 87 1843 839 1094 22 178 1839 1112 1122 530 1116 1360 1700 449 126 257 316 264 136 298 131 1377 1200 1455 1832 272 1280 1718 442 1270 492 696 1816 745 743 1672 754 1401 102 570 1124 469 154 930 1339 434 406 349 142 477 1851 1415 1849 790 577 1132 315 1870 921 1656 5 1891 600 1496 23 311 288 88 726 196 245 77 705 1576 1893 811 1130 1552 879 1754 616 1747 999 1109 1629 473 78 808 1758 1032 221 1830 1864 690 8 1481 1431 1181 446 1772 1610 1652 1702 629 1784 1798 544 420 689 919 1180 714 1063 656 1183 1877 1236 1115 1582 437 161 1311 1126 500 27 295 1226 970 750 1254 1786 238 1488 296 926 1701 11 1070 482 682 757 1322 1883 2 149 823 177 1019 1445 547 1363 1436 1573 327 1388 1676 1315 1160 974 390 280 918 1453 663 100 1248 1123 223 761 1207 619 347 499 20 1723 15 1044 1212 764 1662 460 1367 1265 1733 1291 852 325 855 1055 1804 701 285 348 155 538 1054 318 1735 1834 496 411 893 292 569 734 1356 1760 776 1588 1087 33 44 1274 262 1657 653 807 1256 1519 885 45 171 121 1686 1418 665 1041 723 309 32 801 1028 1570 203 858 368 1796 1751 815 572 1024 1410 1191 1719 746 400 613 1848 158 92 1296 1288 395 899 1755 564 1590 1164 971 788 1574 710 1503 1820 1413 250 85 1423 931 1333 1508 164 1550 937 1409 994 393 1321 1438 70 967 1422 1297 1607 1421 581 1233 1744 134 1015 907 1692 739 1887 526 220 944 36 56 1038 1538 140 702 448 1325 936 1861 1773 1689 1089 1486 825 1201 898 878 1370 1035 1290 943 1779 902 1793 837 1716 504 1854 626 1128 1133 394 887 1439 1736 961 114 810 699 1217 608 1678 958 1153 49 1822 231 560 1434 515 1330 208 1636 1728 1482 1358 821 459 549 401 712 1285 1336 787 520 512 1663 1008 1479 1766 1380 1213 1268 1756 252 1665 1009 498 228 742 1266 914 861 1448 1875 975 977 528 1589 525 1897 848 1182 713 328 230 667 558 591 674 1644 1428 636 1762 1624 1536 1800 1562 935 269 1748 1003 1215 1683 1326 382 39 1381 453 624 545 964 3 79 1163 1073 308 633 912 1454 1099 1598 1251 1220 1741 1627 1052 143 215 1264 1563 588 470 468 1709 546 966 1742 1737 1357 1026 1788 1491 1528 521 522 391 1004 55 576 1884 1366 206 1587 1346 417 640 1468 563 467 786 618 1787 1408 732 1114 1301 716 1829 354 1382 1529 34 46 423 1664 880 322 1278 1451 356 524 18 106 431 1866 1777 1392 388 715 606 1298 182 95 399 960 942 91 480 856 1858 51 279 1171 1027 180 1493 537 1475 548 1071 1675 276 722 908 889 1750 1731 1622 332 894 758 1260 1594 1826 762 1621 1833 175 1371 1465 146 1811 1681 1435 1092 1579 675 474 159 1244 962 41 969 1067 824 903 1354 255 501 1586 1715 1169 1283 1190 281 915 612 1227 359 353 1885 1618 1223 1197 1238 385 638 655 120 422 1050 115 662 1036 1846 169 1778 465 927 832 1390 1799 1469 1691 1628 1630 1831 375 778 1648 1412 1267 724 774 1632 1530 1571 1031 876 454 685 176 506 127 978 1001 268 1791 80 1865 1391 1805 361 1902 1095 1803 290 679 1076 819 1365 1069 1611 998 1637 719 1473 233 589 603 1534 237 799 340 1770 1231 851 319 1730 430 1110 236 275 1812 207 1801 1287 461 1030 862 1037 863 883 429 965 1088 1631 1389 1447 516 1399 993 1635 439 1179 1794 1556 1835 157 1002 1060 1546 725 1477 583 1693 1172 26 1514 68 727 184 1249 891 939 321 691 379 753 1355 575 1745 1228 775 1806 1543 540 1504 57 1494 1841 84 490 389 535 412 40 1626 373 622 835 933 1255 559 190 1501 870 1869 1022 886 1104 1660 1650 769 1393 481 1219 580 374 1240 397 1224 1680 1258 197 128 125 152 1596 24 1108 380 1564 1156 980 475 6 244 1531 1047 873 1757 860 455 1874 1459 1769 1867 1484 1303 1328 1724 1585 1698 163 1457 141 214 1763 669 1209 668 195 192 1641 1790 330 934 1781 35 1577 1615 1093 556 830 1845 66 1714 1532 1809 1695 67 172 793 254 1369 1461 1708 641 1752 834 673 1873 271 69 1214 370 352 1302 566 875 1202 398 1042 1146 874 910 1281 681 219 179 1903 1560 1623 1540 635 1654 1199 346 555 1856 565 1257 818 986 409 213 1350 897 1442 1640 419 103 1113 1616 1077 1305 1362 678 1243 598 447 596 798 605 1419 1417 1250 495 1553 65 1649 1653 407 1761 1857 1860 1882 614 973 1327 299 607 1478 369 270 466 804 783 339 604 784 1639 1863 888 251 697 324 97 1021 1896 1868 857 1617 259 266 1892 62 1082 1704 1273 586 202 672 243 1561 660 1789 165 119 1513 1173 1815 923 527 1802 707 278 1511 1237 1203 226 781 1420 76 19 1167 1677 1526 1277 28 1427 48 584 1195 1020 1597 1279 1746 677 135 1012 139 98 728 1880 342 358 367 1433 38 1572 1850 900 167 1810 303 173 381 1542 922 1383 1462 1524 310 47 384 1239 1520 93 1516 1471 1120 472 239 621 1131 632 1 301 1900 1497 829 1509 1386 1148 550 304 300 637 841 72 1535 320 1125 647 828 1565 1162 1138 1557 1467 1271 1033 574 336 1317 1674 286 814 337 988 61 1706 1844 711 938 1602 1276 1204 683 844 1318 517 1490 1593 1411 265 333 83 1655 792 1341 1780 462 676 133 1584 1452 1899 1581 1306 620 1487 1299 234 200 1726 129 929 1103 116 1137 661 232 1176 1555 670 1034 953 523 519 1554 730 1198 357 118 263 1100 147 1464 948 1342 435 654 536 735 1838 1568 1595 1078 345 657 1888 344 1825 1889 1722 1720 1898 686 642 1286 593 29 718 1066 241 314 1230 1395 456 229 1466 866 258 104 1606 205 1634 153 1753 777 277 985 1101 487 630 1738 113 1569 795 770 567 1437 1011 1157 1705 708 260 130 1262 73 909 
2 599 398 1604 194 568 1277 352 1599 367 1684 1892 633 849 1579 1507 510 385 1092 267 1777 61 1335 1185 203 368 356 9 1856 1779 226 1837 446 922 915 1170 897 1018 191 751 281 329 801 1768 322 37 1683 737 441 754 337 1471 162 82 1596 1486 541 1229 103 1196 1773 27 1078 1744 502 647 587 100 283 978 608 1299 1102 1219 1368 580 1660 546 13 937 1310 1887 481 1760 709 1430 175 1374 565 577 1762 1693 1666 1099 280 1346 196 273 726 1746 677 779 946 493 338 919 1792 1065 171 685 138 615 1533 114 1052 294 348 1611 908 336 1640 711 1136 1085 675 1850 148 563 345 1563 1801 1456 894 1194 576 1755 1062 745 1044 674 386 1207 426 221 872 1216 750 823 959 125 66 820 1477 582 1358 70 609 495 965 501 307 824 133 28 1285 1353 1898 748 1499 688 1080 511 672 80 10 320 1244 266 87 770 918 1476 135 1175 632 720 220 120 1833 1289 71 569 630 1574 906 521 845 45 1524 1348 1835 169 263 319 1452 262 1863 1717 759 389 1903 233 1390 539 326 499 731 376 275 1542 156 164 990 655 311 1740 548 913 111 520 1444 1467 883 847 586 591 92 42 1453 837 1440 574 1030 258 494 1492 839 1726 312 18 695 873 1064 527 1081 84 1288 410 771 752 1788 1025 1278 1413 1110 1361 412 602 1311 1193 1797 1326 1313 864 818 1088 430 1795 1437 1672 250 594 1439 1447 1056 1316 292 1732 701 1589 898 442 105 986 497 1902 588 715 714 1077 838 1578 924 1547 1846 560 1206 1737 296 413 853 1537 1127 1565 12 1594 355 1900 1521 1613 994 773 1489 216 1314 1421 1874 1435 140 324 1343 86 810 884 930 878 1597 1731 1445 65 380 503 298 1872 661 67 1671 513 1230 225 340 95 1418 944 1637 1113 101 1292 456 260 468 1800 1026 887 486 1160 423 1328 996 1172 491 522 1183 463 1635 1333 1345 886 1281 1600 295 1488 149 55 219 397 293 1556 1096 508 186 626 687 30 1131 1340 1620 1115 901 1434 1618 1246 1883 449 363 304 1038 1371 1217 1186 102 1681 271 515 1871 327 475 15 631 104 1296 1399 1182 1394 167 1782 1280 276 934 88 1517 710 1201 1055 147 268 572 1386 980 1557 1380 825 1658 1173 1141 379 912 222 605 243 1663 1828 1264 942 1163 1042 1059 1805 1005 1886 1457 358 1512 1545 1728 790 1121 1274 458 991 1265 795 255 805 1406 1528 567 571 369 1111 1312 657 1139 77 395 542 1290 963 1676 249 1398 1702 613 32 188 728 238 1129 99 787 724 113 933 287 524 668 1120 696 1319 1054 817 1818 1066 1132 418 1403 841 802 1324 431 1365 768 821 1764 848 1104 35 1270 1473 235 828 41 76 1385 1271 947 1028 616 252 1148 730 299 1847 359 1103 781 967 1029 1715 662 1583 1369 1879 1359 1165 1494 1677 867 1536 601 1646 339 192 692 623 1305 756 716 1022 409 1496 954 1091 610 1775 1559 786 517 1432 1033 117 747 678 960 1766 1337 622 1748 488 1673 396 907 223 852 1572 777 152 1060 1588 796 1650 718 936 261 1704 1155 284 740 106 1004 681 282 6 317 439 394 1051 498 1407 808 595 1002 763 1633 1098 1094 1376 400 1709 1705 57 476 736 819 1754 230 997 1608 422 1503 843 1498 1402 448 1075 846 482 44 377 658 242 1590 387 17 333 291 553 1260 1071 925 193 1628 1582 1231 1479 1478 1544 197 83 684 590 968 690 72 129 454 1315 1151 207 1259 644 212 1819 479 361 767 1293 1475 144 981 1021 1257 443 1331 735 525 1624 435 890 637 424 195 889 1508 189 1404 905 1300 331 694 537 858 533 1349 1037 1200 1298 1234 1076 721 1519 1710 871 863 1401 969 1614 1344 1232 705 254 365 234 248 350 1852 545 1228 854 1279 323 1128 318 108 38 1046 34 122 1133 1571 1866 861 112 927 373 16 19 1258 549 583 1013 578 909 1174 1509 1191 1698 744 157 707 1458 1276 165 1373 1211 63 951 1320 484 237 1895 1438 1240 208 822 593 893 269 1648 1553 859 1549 865 33 642 1853 1079 983 1692 478 506 815 1787 1303 1790 1267 1307 940 939 977 1177 1626 1309 1050 879 932 1 1867 514 1504 1793 146 1816 414 1158 360 769 1082 875 1870 21 383 170 285 993 201 1063 1757 1041 945 1007 666 1366 619 1490 251 957 888 1061 1505 765 1409 1202 1242 1535 683 1161 831 399 1518 1749 1294 1184 445 1166 1178 856 1567 1649 1069 600 209 1682 1436 999 297 598 211 1752 1176 597 669 806 1017 723 1678 727 139 1273 920 703 142 1414 523 943 1364 232 618 962 1569 344 1675 764 241 1848 1355 1525 881 673 1568 1449 1162 636 635 783 1642 1448 1223 581 64 1564 654 1809 417 429 1189 1575 1832 1461 206 1040 512 1100 1708 1529 1897 1532 776 1036 1379 1243 1341 1514 1501 143 961 589 952 903 992 686 1034 466 1347 974 118 160 1645 529 393 308 1109 552 1462 1391 547 128 1426 1888 1068 1450 1647 971 184 1839 1179 1408 551 50 972 180 1329 1841 342 1738 700 1606 3 1679 1869 1302 420 1587 274 390 467 90 1027 1008 1389 301 1425 1375 183 200 1388 535 1057 1510 656 474 465 330 693 1214 585 1117 1024 1084 1187 447 1772 1090 1043 1238 1086 1699 826 1395 1688 1861 145 68 544 205 1758 227 1502 1469 789 1812 966 1540 1686 451 1446 530 302 1774 1357 803 1630 1566 1602 231 199 1020 1555 1880 1644 1072 869 1363 1807 1137 313 1562 911 75 989 96 1247 816 1318 1808 1354 473 388 1157 1416 948 739 1016 452 697 1241 1615 1256 1093 257 78 264 1126 1283 1703 239 1781 772 328 804 1780 1750 1226 798 25 1222 43 1221 1424 1387 1130 246 1047 1397 885 62 833 1330 785 1631 1336 1573 1585 1670 573 500 717 1491 1858 168 652 421 153 519 1006 627 178 1894 1802 1372 1463 1685 1396 660 1716 1317 351 332 415 272 984 1736 1511 1743 557 39 1023 97 69 289 1643 5 1112 784 1144 921 732 1739 1654 995 1560 1145 56 26 570 606 1237 40 1089 592 1011 534 562 1584 970 190 7 1617 159 857 1188 349 277 1770 1146 375 46 1733 1778 1213 1485 1668 1889 1275 628 866 132 1759 343 1410 1598 766 926 228 378 353 987 540 1195 53 432 1134 1657 729 1877 404 1813 775 982 518 229 1667 436 1301 1690 1143 1694 1814 1516 955 1048 1803 1868 1352 1190 1422 1730 1700 1838 1483 1350 1164 1474 1680 150 155 1651 457 698 624 1107 1719 179 1820 182 665 1261 1282 904 844 1356 1804 1045 1622 382 1534 1541 1627 1236 490 1423 956 1661 1304 1083 1459 1830 1035 561 1095 704 1159 850 1763 794 1204 880 550 1291 1767 1724 1393 702 286 130 1323 1761 1370 1215 1718 1412 1171 504 1227 902 1262 876 543 1417 1591 236 172 91 1515 8 1612 131 1526 1468 639 1876 931 742 325 664 187 1000 1769 210 645 259 1859 437 1741 1558 1031 1272 1495 607 1480 536 1786 1415 507 1806 1655 1074 1523 1367 988 256 812 1580 81 1827 218 464 1466 1181 366 1665 1697 725 470 505 4 60 834 14 496 1156 958 253 406 136 1857 923 1885 760 1745 477 1652 964 1551 158 1168 469 52 244 868 941 166 1015 89 1659 827 1142 1253 54 428 1484 1543 1411 123 832 213 741 1497 1119 1875 1712 620 1378 877 733 1539 1481 49 1727 975 370 1891 314 813 335 1756 1032 811 1629 753 1287 1073 1689 738 929 1722 646 1150 1784 1428 176 1817 1592 392 1811 1826 472 1405 1192 1844 1882 1601 554 1713 1725 1796 1140 713 1701 1687 433 1342 163 882 240 1641 471 1339 840 1255 1656 309 1153 315 270 1714 1586 492 650 1249 835 651 1381 1821 1101 1538 1576 1636 444 1619 450 1400 638 949 743 579 1097 1878 1114 842 1581 976 1552 372 1554 708 746 1382 1147 1308 73 1616 1441 177 1840 124 1269 1729 346 1753 612 1460 347 455 438 1351 910 1865 643 1593 453 1664 1711 1638 830 791 405 1384 1561 1455 174 1520 998 1884 1639 555 36 74 938 115 1829 1862 629 634 119 1794 1443 1224 1691 653 290 611 788 401 1789 1268 564 1734 712 374 762 1696 1632 1621 1707 310 1014 829 303 1429 1771 1855 1825 1338 1506 896 689 722 614 334 526 706 245 1899 1321 22 774 1747 648 556 181 1135 558 1625 59 1295 489 134 94 1634 1864 916 516 1058 1012 667 670 419 1531 1605 126 381 51 855 1451 799 1332 1849 782 354 1653 1152 1118 1577 1824 719 1831 1896 20 532 1286 793 265 899 1500 137 109 1881 1464 403 1154 1742 621 1609 676 1220 1799 757 31 1284 1180 1209 659 341 1843 758 425 800 278 836 1167 1067 48 761 528 892 305 1334 1208 371 1751 1263 1248 1815 1392 1297 58 509 1362 1327 699 1431 173 1873 1442 1662 874 1252 107 411 1860 1695 1607 809 1610 1791 1003 110 566 575 1377 1845 1383 1123 640 1245 459 584 807 1235 1087 814 306 953 316 1720 402 1548 1901 1212 480 625 1776 559 780 679 749 384 1197 671 792 300 1854 1225 1125 440 1482 1546 900 979 663 860 895 198 364 1124 11 1570 1419 1783 1851 487 1834 870 1203 1009 1623 288 1465 1138 23 1205 1785 47 1798 141 617 1251 98 1822 1527 1070 928 1198 427 407 161 357 408 1893 1470 1169 603 151 1669 1836 1322 649 1842 1010 950 1105 1595 1233 434 1487 214 1530 24 1199 680 127 862 1420 1266 538 973 917 1306 1765 1116 1427 1706 185 321 1039 483 851 604 1250 391 121 1550 1149 224 1218 1890 797 1325 29 362 1239 1472 461 154 755 1603 1108 279 985 485 1823 202 914 247 416 596 217 460 1735 1493 1810 1723 462 93 85 1721 1360 1513 734 1106 1001 116 215 682 204 935 1122 1254 1454 891 1019 641 531 1674 1053 1210 1522 1049 778 691 79 1433 
